wavelength,absorbance,subtracted_absorbance
3.000000000000000000e+02,7.219999999999999751e-01,6.516666666666648400e-02
3.050000000000000000e+02,5.729999999999999538e-01,5.916666666666670071e-02
3.100000000000000000e+02,5.050000000000000044e-01,5.266666666666669494e-02
3.150000000000000000e+02,4.600000000000000200e-01,4.633333333333339299e-02
3.200000000000000000e+02,4.139999999999999791e-01,3.866666666666668251e-02
3.250000000000000000e+02,3.770000000000000018e-01,3.350000000000008527e-02
3.300000000000000000e+02,3.439999999999999725e-01,2.766666666666661722e-02
3.350000000000000000e+02,3.109999999999999987e-01,2.283333333333337212e-02
3.400000000000000000e+02,2.829999999999999738e-01,1.783333333333325665e-02
3.450000000000000000e+02,2.640000000000000124e-01,1.500000000000004108e-02
3.500000000000000000e+02,2.500000000000000000e-01,1.183333333333336235e-02
3.550000000000000000e+02,2.369999999999999885e-01,9.000000000000007994e-03
3.600000000000000000e+02,2.190000000000000002e-01,5.666666666666653196e-03
3.650000000000000000e+02,1.920000000000000040e-01,2.666666666666678287e-03
3.700000000000000000e+02,1.380000000000000115e-01,8.333333333333248216e-04
3.750000000000000000e+02,9.299999999999999933e-02,5.000000000000018319e-03
3.800000000000000000e+02,7.399999999999999634e-02,5.166666666666652752e-03
3.850000000000000000e+02,6.500000000000000222e-02,5.166666666666673569e-03
3.900000000000000000e+02,5.999999999999999778e-02,4.499999999999997058e-03
3.950000000000000000e+02,5.700000000000000205e-02,4.166666666666665741e-03
4.000000000000000000e+02,5.500000000000000028e-02,4.166666666666665741e-03
4.050000000000000000e+02,5.299999999999999850e-02,3.833333333333334425e-03
4.100000000000000000e+02,5.199999999999999761e-02,3.833333333333334425e-03
4.150000000000000000e+02,5.099999999999999672e-02,3.833333333333334425e-03
4.200000000000000000e+02,4.900000000000000189e-02,3.000000000000009603e-03
4.250000000000000000e+02,4.800000000000000100e-02,2.500000000000009159e-03
4.300000000000000000e+02,4.599999999999999922e-02,1.500000000000008271e-03
4.350000000000000000e+02,4.499999999999999833e-02,1.333333333333339144e-03
4.400000000000000000e+02,4.399999999999999745e-02,8.333333333333317605e-04
4.450000000000000000e+02,4.299999999999999656e-02,6.666666666666626329e-04
4.500000000000000000e+02,4.200000000000000261e-02,0.000000000000000000e+00
4.550000000000000000e+02,4.100000000000000172e-02,-5.000000000000004441e-04
4.600000000000000000e+02,4.100000000000000172e-02,0.000000000000000000e+00
4.650000000000000000e+02,4.100000000000000172e-02,6.666666666666626329e-04
4.700000000000000000e+02,4.100000000000000172e-02,1.000000000000000888e-03
4.750000000000000000e+02,4.100000000000000172e-02,1.333333333333332205e-03
4.800000000000000000e+02,4.100000000000000172e-02,1.666666666666663521e-03
4.850000000000000000e+02,4.100000000000000172e-02,1.833333333333332649e-03
4.900000000000000000e+02,4.100000000000000172e-02,2.166666666666663965e-03
4.950000000000000000e+02,4.100000000000000172e-02,2.333333333333333093e-03
5.000000000000000000e+02,4.100000000000000172e-02,2.333333333333333093e-03
5.050000000000000000e+02,4.100000000000000172e-02,2.666666666666664409e-03
5.100000000000000000e+02,4.100000000000000172e-02,2.666666666666664409e-03
5.150000000000000000e+02,4.100000000000000172e-02,2.500000000000002220e-03
5.200000000000000000e+02,4.100000000000000172e-02,2.500000000000002220e-03
5.250000000000000000e+02,4.100000000000000172e-02,2.666666666666664409e-03
5.300000000000000000e+02,4.100000000000000172e-02,2.500000000000002220e-03
5.350000000000000000e+02,4.100000000000000172e-02,2.333333333333333093e-03
5.400000000000000000e+02,4.100000000000000172e-02,2.166666666666663965e-03
5.450000000000000000e+02,4.000000000000000083e-02,1.166666666666663077e-03
5.500000000000000000e+02,4.000000000000000083e-02,1.166666666666663077e-03
5.550000000000000000e+02,4.000000000000000083e-02,1.000000000000000888e-03
5.600000000000000000e+02,4.000000000000000083e-02,1.166666666666663077e-03
5.650000000000000000e+02,3.899999999999999994e-02,-1.666666666666691277e-04
5.700000000000000000e+02,3.899999999999999994e-02,-1.666666666666691277e-04
5.750000000000000000e+02,3.899999999999999994e-02,-1.666666666666691277e-04
5.800000000000000000e+02,3.799999999999999906e-02,-1.166666666666670016e-03
5.850000000000000000e+02,3.799999999999999906e-02,-1.166666666666670016e-03
5.900000000000000000e+02,3.799999999999999906e-02,-1.666666666666670460e-03
5.950000000000000000e+02,3.799999999999999906e-02,-1.500000000000001332e-03
6.000000000000000000e+02,3.799999999999999906e-02,-1.833333333333339588e-03
6.050000000000000000e+02,3.799999999999999906e-02,-1.833333333333339588e-03
6.100000000000000000e+02,3.799999999999999906e-02,-1.833333333333339588e-03
6.150000000000000000e+02,3.699999999999999817e-02,-2.500000000000002220e-03
6.200000000000000000e+02,3.699999999999999817e-02,-2.333333333333340032e-03
6.250000000000000000e+02,3.699999999999999817e-02,-2.333333333333340032e-03
6.300000000000000000e+02,3.699999999999999817e-02,-2.166666666666670904e-03
6.350000000000000000e+02,3.699999999999999817e-02,-2.166666666666670904e-03
6.400000000000000000e+02,3.699999999999999817e-02,-1.833333333333339588e-03
6.450000000000000000e+02,3.699999999999999817e-02,-1.833333333333339588e-03
6.500000000000000000e+02,3.699999999999999817e-02,-1.666666666666670460e-03
6.550000000000000000e+02,3.699999999999999817e-02,-1.666666666666670460e-03
6.600000000000000000e+02,3.699999999999999817e-02,-1.833333333333339588e-03
6.650000000000000000e+02,3.699999999999999817e-02,-1.666666666666670460e-03
6.700000000000000000e+02,3.699999999999999817e-02,-1.500000000000001332e-03
6.750000000000000000e+02,3.699999999999999817e-02,-1.500000000000001332e-03
6.800000000000000000e+02,3.699999999999999817e-02,-1.333333333333339144e-03
6.850000000000000000e+02,3.799999999999999906e-02,-3.333333333333382553e-04
6.900000000000000000e+02,3.799999999999999906e-02,-1.666666666666691277e-04
6.950000000000000000e+02,3.799999999999999906e-02,-3.333333333333382553e-04
7.000000000000000000e+02,3.899999999999999994e-02,5.000000000000004441e-04
7.050000000000000000e+02,4.000000000000000083e-02,6.666666666666626329e-04
7.100000000000000000e+02,4.100000000000000172e-02,3.333333333333382553e-04
7.150000000000000000e+02,4.299999999999999656e-02,1.333333333333332205e-03
7.200000000000000000e+02,4.399999999999999745e-02,2.166666666666663965e-03
7.250000000000000000e+02,4.499999999999999833e-02,2.333333333333333093e-03
7.300000000000000000e+02,4.700000000000000011e-02,2.500000000000009159e-03
7.350000000000000000e+02,4.900000000000000189e-02,2.500000000000009159e-03
7.400000000000000000e+02,5.000000000000000278e-02,3.000000000000009603e-03
7.450000000000000000e+02,5.000000000000000278e-02,2.833333333333340476e-03
7.500000000000000000e+02,5.099999999999999672e-02,3.833333333333334425e-03
7.550000000000000000e+02,5.099999999999999672e-02,3.833333333333334425e-03
7.600000000000000000e+02,5.099999999999999672e-02,3.833333333333334425e-03
7.650000000000000000e+02,5.099999999999999672e-02,4.166666666666665741e-03
7.700000000000000000e+02,5.099999999999999672e-02,4.500000000000003997e-03
7.750000000000000000e+02,5.099999999999999672e-02,4.833333333333335313e-03
7.800000000000000000e+02,5.000000000000000278e-02,4.500000000000010936e-03
7.850000000000000000e+02,5.000000000000000278e-02,4.833333333333342252e-03
7.900000000000000000e+02,4.900000000000000189e-02,4.666666666666673124e-03
7.950000000000000000e+02,4.900000000000000189e-02,5.000000000000011380e-03
8.000000000000000000e+02,4.800000000000000100e-02,4.833333333333335313e-03
8.050000000000000000e+02,4.800000000000000100e-02,4.833333333333335313e-03
8.100000000000000000e+02,4.800000000000000100e-02,4.999999999999997502e-03
8.150000000000000000e+02,4.800000000000000100e-02,4.833333333333335313e-03
8.200000000000000000e+02,4.900000000000000189e-02,5.166666666666673569e-03
8.250000000000000000e+02,5.000000000000000278e-02,5.333333333333342696e-03
8.300000000000000000e+02,5.199999999999999761e-02,5.000000000000004441e-03
8.350000000000000000e+02,5.399999999999999939e-02,4.666666666666666186e-03
8.400000000000000000e+02,5.500000000000000028e-02,5.166666666666666630e-03
8.450000000000000000e+02,5.600000000000000117e-02,5.333333333333335757e-03
8.500000000000000000e+02,5.700000000000000205e-02,5.500000000000004885e-03
8.550000000000000000e+02,5.700000000000000205e-02,5.000000000000004441e-03
8.600000000000000000e+02,5.899999999999999689e-02,5.499999999999997946e-03
8.650000000000000000e+02,6.099999999999999867e-02,5.499999999999997946e-03
8.700000000000000000e+02,6.400000000000000133e-02,5.500000000000004885e-03
8.750000000000000000e+02,6.700000000000000400e-02,5.833333333333336201e-03
8.800000000000000000e+02,6.600000000000000311e-02,5.666666666666674013e-03
8.850000000000000000e+02,6.400000000000000133e-02,4.500000000000003997e-03
8.900000000000000000e+02,6.400000000000000133e-02,4.833333333333335313e-03
8.950000000000000000e+02,6.500000000000000222e-02,5.000000000000004441e-03
9.000000000000000000e+02,6.600000000000000311e-02,4.833333333333335313e-03
9.050000000000000000e+02,6.700000000000000400e-02,4.333333333333341808e-03
9.100000000000000000e+02,7.000000000000000666e-02,4.833333333333342252e-03
9.150000000000000000e+02,7.299999999999999545e-02,4.833333333333328374e-03
9.200000000000000000e+02,7.599999999999999811e-02,4.166666666666665741e-03
9.250000000000000000e+02,8.400000000000000522e-02,5.000000000000004441e-03
9.300000000000000000e+02,9.299999999999999933e-02,4.666666666666680063e-03
9.350000000000000000e+02,1.049999999999999961e-01,4.000000000000003553e-03
9.400000000000000000e+02,1.170000000000000068e-01,3.166666666666664853e-03
9.450000000000000000e+02,1.370000000000000107e-01,3.833333333333327486e-03
9.500000000000000000e+02,1.640000000000000069e-01,4.166666666666651864e-03
9.550000000000000000e+02,1.960000000000000075e-01,3.833333333333327486e-03
9.600000000000000000e+02,2.220000000000000029e-01,2.833333333333354354e-03
9.650000000000000000e+02,2.330000000000000127e-01,3.000000000000002665e-03
9.700000000000000000e+02,2.379999999999999893e-01,3.000000000000002665e-03
9.750000000000000000e+02,2.409999999999999920e-01,3.333333333333327042e-03
9.800000000000000000e+02,2.399999999999999911e-01,3.000000000000030420e-03
9.850000000000000000e+02,2.359999999999999876e-01,3.166666666666650976e-03
9.900000000000000000e+02,2.280000000000000082e-01,3.833333333333299731e-03
9.950000000000000000e+02,2.230000000000000038e-01,3.166666666666678731e-03
