wavelength,absorbance,subtracted_absorbance
3.000000000000000000e+02,7.489999999999999991e-01,9.216666666666650798e-02
3.050000000000000000e+02,5.989999999999999769e-01,8.516666666666672381e-02
3.100000000000000000e+02,5.320000000000000284e-01,7.966666666666671892e-02
3.150000000000000000e+02,4.889999999999999902e-01,7.533333333333336324e-02
3.200000000000000000e+02,4.440000000000000058e-01,6.866666666666670915e-02
3.250000000000000000e+02,4.069999999999999729e-01,6.350000000000005640e-02
3.300000000000000000e+02,3.750000000000000000e-01,5.866666666666664476e-02
3.350000000000000000e+02,3.420000000000000262e-01,5.383333333333339965e-02
3.400000000000000000e+02,3.150000000000000022e-01,4.983333333333328508e-02
3.450000000000000000e+02,2.959999999999999853e-01,4.700000000000001399e-02
3.500000000000000000e+02,2.819999999999999729e-01,4.383333333333333526e-02
3.550000000000000000e+02,2.690000000000000169e-01,4.100000000000003642e-02
3.600000000000000000e+02,2.530000000000000027e-01,3.966666666666665564e-02
3.650000000000000000e+02,2.280000000000000082e-01,3.866666666666668251e-02
3.700000000000000000e+02,1.759999999999999898e-01,3.883333333333330306e-02
3.750000000000000000e+02,1.320000000000000062e-01,4.400000000000002520e-02
3.800000000000000000e+02,1.130000000000000032e-01,4.416666666666665964e-02
3.850000000000000000e+02,1.029999999999999943e-01,4.316666666666666569e-02
3.900000000000000000e+02,9.800000000000000377e-02,4.250000000000000305e-02
3.950000000000000000e+02,9.500000000000000111e-02,4.216666666666666480e-02
4.000000000000000000e+02,9.199999999999999845e-02,4.116666666666666391e-02
4.050000000000000000e+02,8.999999999999999667e-02,4.083333333333333259e-02
4.100000000000000000e+02,8.799999999999999489e-02,3.983333333333333171e-02
4.150000000000000000e+02,8.599999999999999312e-02,3.883333333333333082e-02
4.200000000000000000e+02,8.400000000000000522e-02,3.800000000000001293e-02
4.250000000000000000e+02,8.300000000000000433e-02,3.750000000000001249e-02
4.300000000000000000e+02,8.200000000000000344e-02,3.750000000000001249e-02
4.350000000000000000e+02,8.100000000000000255e-02,3.733333333333334336e-02
4.400000000000000000e+02,8.000000000000000167e-02,3.683333333333333598e-02
4.450000000000000000e+02,7.900000000000000078e-02,3.666666666666666685e-02
4.500000000000000000e+02,7.900000000000000078e-02,3.699999999999999817e-02
4.550000000000000000e+02,7.799999999999999989e-02,3.649999999999999772e-02
4.600000000000000000e+02,7.799999999999999989e-02,3.699999999999999817e-02
4.650000000000000000e+02,7.799999999999999989e-02,3.766666666666666080e-02
4.700000000000000000e+02,7.900000000000000078e-02,3.899999999999999994e-02
4.750000000000000000e+02,7.900000000000000078e-02,3.933333333333333126e-02
4.800000000000000000e+02,8.000000000000000167e-02,4.066666666666666347e-02
4.850000000000000000e+02,8.200000000000000344e-02,4.283333333333333437e-02
4.900000000000000000e+02,8.400000000000000522e-02,4.516666666666666746e-02
4.950000000000000000e+02,8.599999999999999312e-02,4.733333333333332449e-02
5.000000000000000000e+02,8.799999999999999489e-02,4.933333333333332626e-02
5.050000000000000000e+02,9.099999999999999756e-02,5.266666666666666025e-02
5.100000000000000000e+02,9.400000000000000022e-02,5.566666666666666291e-02
5.150000000000000000e+02,9.600000000000000200e-02,5.750000000000000250e-02
5.200000000000000000e+02,9.700000000000000289e-02,5.850000000000000339e-02
5.250000000000000000e+02,9.700000000000000289e-02,5.866666666666666557e-02
5.300000000000000000e+02,9.600000000000000200e-02,5.750000000000000250e-02
5.350000000000000000e+02,9.400000000000000022e-02,5.533333333333333159e-02
5.400000000000000000e+02,9.099999999999999756e-02,5.216666666666665980e-02
5.450000000000000000e+02,8.799999999999999489e-02,4.916666666666665714e-02
5.500000000000000000e+02,8.400000000000000522e-02,4.516666666666666746e-02
5.550000000000000000e+02,8.000000000000000167e-02,4.100000000000000172e-02
5.600000000000000000e+02,7.599999999999999811e-02,3.716666666666666036e-02
5.650000000000000000e+02,7.199999999999999456e-02,3.283333333333332549e-02
5.700000000000000000e+02,6.800000000000000488e-02,2.883333333333333581e-02
5.750000000000000000e+02,6.500000000000000222e-02,2.583333333333333315e-02
5.800000000000000000e+02,6.300000000000000044e-02,2.383333333333333137e-02
5.850000000000000000e+02,5.999999999999999778e-02,2.083333333333332871e-02
5.900000000000000000e+02,5.800000000000000294e-02,1.833333333333333343e-02
5.950000000000000000e+02,5.600000000000000117e-02,1.650000000000000078e-02
6.000000000000000000e+02,5.500000000000000028e-02,1.516666666666666163e-02
6.050000000000000000e+02,5.299999999999999850e-02,1.316666666666665986e-02
6.100000000000000000e+02,5.199999999999999761e-02,1.216666666666665897e-02
6.150000000000000000e+02,5.099999999999999672e-02,1.149999999999999634e-02
6.200000000000000000e+02,4.900000000000000189e-02,9.666666666666663688e-03
6.250000000000000000e+02,4.800000000000000100e-02,8.666666666666662799e-03
6.300000000000000000e+02,4.700000000000000011e-02,7.833333333333331039e-03
6.350000000000000000e+02,4.599999999999999922e-02,6.833333333333330151e-03
6.400000000000000000e+02,4.599999999999999922e-02,7.166666666666661467e-03
6.450000000000000000e+02,4.499999999999999833e-02,6.166666666666660579e-03
6.500000000000000000e+02,4.399999999999999745e-02,5.333333333333328818e-03
6.550000000000000000e+02,4.399999999999999745e-02,5.333333333333328818e-03
6.600000000000000000e+02,4.299999999999999656e-02,4.166666666666658803e-03
6.650000000000000000e+02,4.299999999999999656e-02,4.333333333333327930e-03
6.700000000000000000e+02,4.299999999999999656e-02,4.499999999999997058e-03
6.750000000000000000e+02,4.200000000000000261e-02,3.500000000000003109e-03
6.800000000000000000e+02,4.200000000000000261e-02,3.666666666666665297e-03
6.850000000000000000e+02,4.200000000000000261e-02,3.666666666666665297e-03
6.900000000000000000e+02,4.100000000000000172e-02,2.833333333333333537e-03
6.950000000000000000e+02,4.100000000000000172e-02,2.666666666666664409e-03
7.000000000000000000e+02,4.100000000000000172e-02,2.500000000000002220e-03
7.050000000000000000e+02,4.200000000000000261e-02,2.666666666666664409e-03
7.100000000000000000e+02,4.200000000000000261e-02,1.333333333333339144e-03
7.150000000000000000e+02,4.299999999999999656e-02,1.333333333333332205e-03
7.200000000000000000e+02,4.299999999999999656e-02,1.166666666666663077e-03
7.250000000000000000e+02,4.399999999999999745e-02,1.333333333333332205e-03
7.300000000000000000e+02,4.499999999999999833e-02,5.000000000000073830e-04
7.350000000000000000e+02,4.700000000000000011e-02,5.000000000000073830e-04
7.400000000000000000e+02,4.800000000000000100e-02,1.000000000000007827e-03
7.450000000000000000e+02,4.800000000000000100e-02,8.333333333333386994e-04
7.500000000000000000e+02,4.800000000000000100e-02,8.333333333333386994e-04
7.550000000000000000e+02,4.800000000000000100e-02,8.333333333333386994e-04
7.600000000000000000e+02,4.800000000000000100e-02,8.333333333333386994e-04
7.650000000000000000e+02,4.800000000000000100e-02,1.166666666666670016e-03
7.700000000000000000e+02,4.700000000000000011e-02,5.000000000000073830e-04
7.750000000000000000e+02,4.700000000000000011e-02,8.333333333333386994e-04
7.800000000000000000e+02,4.599999999999999922e-02,5.000000000000073830e-04
7.850000000000000000e+02,4.599999999999999922e-02,8.333333333333386994e-04
7.900000000000000000e+02,4.499999999999999833e-02,6.666666666666695718e-04
7.950000000000000000e+02,4.499999999999999833e-02,1.000000000000007827e-03
8.000000000000000000e+02,4.399999999999999745e-02,8.333333333333317605e-04
8.050000000000000000e+02,4.399999999999999745e-02,8.333333333333317605e-04
8.100000000000000000e+02,4.399999999999999745e-02,9.999999999999939493e-04
8.150000000000000000e+02,4.399999999999999745e-02,8.333333333333317605e-04
8.200000000000000000e+02,4.399999999999999745e-02,1.666666666666691277e-04
8.250000000000000000e+02,4.499999999999999833e-02,3.333333333333382553e-04
8.300000000000000000e+02,4.800000000000000100e-02,1.000000000000007827e-03
8.350000000000000000e+02,5.000000000000000278e-02,6.666666666666695718e-04
8.400000000000000000e+02,5.000000000000000278e-02,1.666666666666691277e-04
8.450000000000000000e+02,5.099999999999999672e-02,3.333333333333313164e-04
8.500000000000000000e+02,5.199999999999999761e-02,5.000000000000004441e-04
8.550000000000000000e+02,5.199999999999999761e-02,0.000000000000000000e+00
8.600000000000000000e+02,5.399999999999999939e-02,5.000000000000004441e-04
8.650000000000000000e+02,5.600000000000000117e-02,5.000000000000004441e-04
8.700000000000000000e+02,5.899999999999999689e-02,5.000000000000004441e-04
8.750000000000000000e+02,6.199999999999999956e-02,8.333333333333317605e-04
8.800000000000000000e+02,6.099999999999999867e-02,6.666666666666695718e-04
8.850000000000000000e+02,5.999999999999999778e-02,5.000000000000004441e-04
8.900000000000000000e+02,5.899999999999999689e-02,-1.666666666666691277e-04
8.950000000000000000e+02,5.999999999999999778e-02,0.000000000000000000e+00
9.000000000000000000e+02,6.099999999999999867e-02,-1.666666666666691277e-04
9.050000000000000000e+02,6.199999999999999956e-02,-6.666666666666626329e-04
9.100000000000000000e+02,6.500000000000000222e-02,-1.666666666666621888e-04
9.150000000000000000e+02,6.800000000000000488e-02,-1.666666666666621888e-04
9.200000000000000000e+02,7.199999999999999456e-02,1.666666666666621888e-04
9.250000000000000000e+02,7.900000000000000078e-02,0.000000000000000000e+00
9.300000000000000000e+02,8.799999999999999489e-02,-3.333333333333243775e-04
9.350000000000000000e+02,9.900000000000000466e-02,-1.999999999999987899e-03
9.400000000000000000e+02,1.120000000000000023e-01,-1.833333333333339588e-03
9.450000000000000000e+02,1.310000000000000053e-01,-2.166666666666677843e-03
9.500000000000000000e+02,1.570000000000000007e-01,-2.833333333333354354e-03
9.550000000000000000e+02,1.890000000000000013e-01,-3.166666666666678731e-03
9.600000000000000000e+02,2.139999999999999958e-01,-5.166666666666652752e-03
9.650000000000000000e+02,2.250000000000000056e-01,-5.000000000000004441e-03
9.700000000000000000e+02,2.300000000000000100e-01,-4.999999999999976685e-03
9.750000000000000000e+02,2.330000000000000127e-01,-4.666666666666652308e-03
9.800000000000000000e+02,2.330000000000000127e-01,-3.999999999999948042e-03
9.850000000000000000e+02,2.280000000000000082e-01,-4.833333333333328374e-03
9.900000000000000000e+02,2.200000000000000011e-01,-4.166666666666707375e-03
9.950000000000000000e+02,2.169999999999999984e-01,-2.833333333333326598e-03
