wavelength,absorbance,subtracted_absorbance
3.000000000000000000e+02,1.443000000000000060e+00,7.861666666666665693e-01
3.050000000000000000e+02,1.276000000000000023e+00,7.621666666666667700e-01
3.100000000000000000e+02,1.187999999999999945e+00,7.356666666666666909e-01
3.150000000000000000e+02,1.122000000000000108e+00,7.083333333333334814e-01
3.200000000000000000e+02,1.048999999999999932e+00,6.736666666666666359e-01
3.250000000000000000e+02,9.829999999999999849e-01,6.395000000000000684e-01
3.300000000000000000e+02,9.190000000000000391e-01,6.026666666666666838e-01
3.350000000000000000e+02,8.559999999999999831e-01,5.678333333333334121e-01
3.400000000000000000e+02,8.020000000000000462e-01,5.368333333333332735e-01
3.450000000000000000e+02,7.600000000000000089e-01,5.110000000000000098e-01
3.500000000000000000e+02,7.269999999999999796e-01,4.888333333333333419e-01
3.550000000000000000e+02,6.999999999999999556e-01,4.719999999999999751e-01
3.600000000000000000e+02,6.710000000000000409e-01,4.576666666666666661e-01
3.650000000000000000e+02,6.360000000000000098e-01,4.466666666666666563e-01
3.700000000000000000e+02,5.779999999999999583e-01,4.408333333333332993e-01
3.750000000000000000e+02,5.240000000000000213e-01,4.360000000000000542e-01
3.800000000000000000e+02,4.989999999999999991e-01,4.301666666666666416e-01
3.850000000000000000e+02,4.809999999999999831e-01,4.211666666666666337e-01
3.900000000000000000e+02,4.680000000000000271e-01,4.125000000000000333e-01
3.950000000000000000e+02,4.580000000000000182e-01,4.051666666666666750e-01
4.000000000000000000e+02,4.490000000000000102e-01,3.981666666666666687e-01
4.050000000000000000e+02,4.400000000000000022e-01,3.908333333333333659e-01
4.100000000000000000e+02,4.329999999999999960e-01,3.848333333333333606e-01
4.150000000000000000e+02,4.259999999999999898e-01,3.788333333333333552e-01
4.200000000000000000e+02,4.199999999999999845e-01,3.739999999999999991e-01
4.250000000000000000e+02,4.149999999999999800e-01,3.694999999999999951e-01
4.300000000000000000e+02,4.109999999999999765e-01,3.664999999999999925e-01
4.350000000000000000e+02,4.069999999999999729e-01,3.633333333333332860e-01
4.400000000000000000e+02,4.040000000000000258e-01,3.608333333333333393e-01
4.450000000000000000e+02,4.020000000000000240e-01,3.596666666666666901e-01
4.500000000000000000e+02,4.000000000000000222e-01,3.580000000000000404e-01
4.550000000000000000e+02,3.990000000000000213e-01,3.575000000000000400e-01
4.600000000000000000e+02,3.990000000000000213e-01,3.580000000000000404e-01
4.650000000000000000e+02,4.010000000000000231e-01,3.606666666666666909e-01
4.700000000000000000e+02,4.040000000000000258e-01,3.640000000000000457e-01
4.750000000000000000e+02,4.089999999999999747e-01,3.693333333333332913e-01
4.800000000000000000e+02,4.179999999999999827e-01,3.786666666666666514e-01
4.850000000000000000e+02,4.309999999999999942e-01,3.918333333333333113e-01
4.900000000000000000e+02,4.500000000000000111e-01,4.111666666666666803e-01
4.950000000000000000e+02,4.739999999999999769e-01,4.353333333333332944e-01
5.000000000000000000e+02,5.050000000000000044e-01,4.663333333333333219e-01
5.050000000000000000e+02,5.430000000000000382e-01,5.046666666666667078e-01
5.100000000000000000e+02,5.839999999999999636e-01,5.456666666666666332e-01
5.150000000000000000e+02,6.239999999999999991e-01,5.855000000000000204e-01
5.200000000000000000e+02,6.600000000000000311e-01,6.215000000000000524e-01
5.250000000000000000e+02,6.899999999999999467e-01,6.516666666666666163e-01
5.300000000000000000e+02,7.059999999999999609e-01,6.674999999999999822e-01
5.350000000000000000e+02,7.119999999999999662e-01,6.733333333333333393e-01
5.400000000000000000e+02,7.029999999999999583e-01,6.641666666666665719e-01
5.450000000000000000e+02,6.830000000000000515e-01,6.441666666666666652e-01
5.500000000000000000e+02,6.520000000000000240e-01,6.131666666666666377e-01
5.550000000000000000e+02,6.139999999999999902e-01,5.749999999999999556e-01
5.600000000000000000e+02,5.709999999999999520e-01,5.321666666666665657e-01
5.650000000000000000e+02,5.250000000000000222e-01,4.858333333333333393e-01
5.700000000000000000e+02,4.819999999999999840e-01,4.428333333333333011e-01
5.750000000000000000e+02,4.420000000000000040e-01,4.028333333333333210e-01
5.800000000000000000e+02,4.040000000000000258e-01,3.648333333333333428e-01
5.850000000000000000e+02,3.699999999999999956e-01,3.308333333333333126e-01
5.900000000000000000e+02,3.400000000000000244e-01,3.003333333333333410e-01
5.950000000000000000e+02,3.140000000000000013e-01,2.745000000000000218e-01
6.000000000000000000e+02,2.909999999999999809e-01,2.511666666666666492e-01
6.050000000000000000e+02,2.710000000000000187e-01,2.311666666666666869e-01
6.100000000000000000e+02,2.530000000000000027e-01,2.131666666666666710e-01
6.150000000000000000e+02,2.369999999999999885e-01,1.974999999999999811e-01
6.200000000000000000e+02,2.230000000000000038e-01,1.836666666666666725e-01
6.250000000000000000e+02,2.099999999999999922e-01,1.706666666666666610e-01
6.300000000000000000e+02,2.000000000000000111e-01,1.608333333333333282e-01
6.350000000000000000e+02,1.910000000000000031e-01,1.518333333333333202e-01
6.400000000000000000e+02,1.829999999999999960e-01,1.441666666666666652e-01
6.450000000000000000e+02,1.749999999999999889e-01,1.361666666666666581e-01
6.500000000000000000e+02,1.680000000000000104e-01,1.293333333333333557e-01
6.550000000000000000e+02,1.630000000000000060e-01,1.243333333333333374e-01
6.600000000000000000e+02,1.570000000000000007e-01,1.181666666666666698e-01
6.650000000000000000e+02,1.519999999999999962e-01,1.133333333333333276e-01
6.700000000000000000e+02,1.479999999999999927e-01,1.094999999999999862e-01
6.750000000000000000e+02,1.439999999999999891e-01,1.054999999999999827e-01
6.800000000000000000e+02,1.400000000000000133e-01,1.016666666666666829e-01
6.850000000000000000e+02,1.370000000000000107e-01,9.866666666666668029e-02
6.900000000000000000e+02,1.340000000000000080e-01,9.583333333333333981e-02
6.950000000000000000e+02,1.320000000000000062e-01,9.366666666666667584e-02
7.000000000000000000e+02,1.300000000000000044e-01,9.149999999999999800e-02
7.050000000000000000e+02,1.280000000000000027e-01,8.866666666666667140e-02
7.100000000000000000e+02,1.260000000000000009e-01,8.533333333333334436e-02
7.150000000000000000e+02,1.250000000000000000e-01,8.333333333333334259e-02
7.200000000000000000e+02,1.239999999999999991e-01,8.216666666666666563e-02
7.250000000000000000e+02,1.239999999999999991e-01,8.133333333333334081e-02
7.300000000000000000e+02,1.239999999999999991e-01,7.950000000000001510e-02
7.350000000000000000e+02,1.250000000000000000e-01,7.850000000000001421e-02
7.400000000000000000e+02,1.250000000000000000e-01,7.800000000000001377e-02
7.450000000000000000e+02,1.239999999999999991e-01,7.683333333333333681e-02
7.500000000000000000e+02,1.229999999999999982e-01,7.583333333333333592e-02
7.550000000000000000e+02,1.219999999999999973e-01,7.483333333333333504e-02
7.600000000000000000e+02,1.209999999999999964e-01,7.383333333333333415e-02
7.650000000000000000e+02,1.199999999999999956e-01,7.316666666666665764e-02
7.700000000000000000e+02,1.189999999999999947e-01,7.250000000000000888e-02
7.750000000000000000e+02,1.179999999999999938e-01,7.183333333333333237e-02
7.800000000000000000e+02,1.170000000000000068e-01,7.150000000000000799e-02
7.850000000000000000e+02,1.160000000000000059e-01,7.083333333333334536e-02
7.900000000000000000e+02,1.150000000000000050e-01,7.066666666666668317e-02
7.950000000000000000e+02,1.140000000000000041e-01,7.000000000000000666e-02
8.000000000000000000e+02,1.130000000000000032e-01,6.983333333333333059e-02
8.050000000000000000e+02,1.130000000000000032e-01,6.983333333333333059e-02
8.100000000000000000e+02,1.120000000000000023e-01,6.900000000000000577e-02
8.150000000000000000e+02,1.120000000000000023e-01,6.883333333333332971e-02
8.200000000000000000e+02,1.120000000000000023e-01,6.816666666666668095e-02
8.250000000000000000e+02,1.130000000000000032e-01,6.833333333333334314e-02
8.300000000000000000e+02,1.150000000000000050e-01,6.800000000000000488e-02
8.350000000000000000e+02,1.160000000000000059e-01,6.666666666666667962e-02
8.400000000000000000e+02,1.170000000000000068e-01,6.716666666666668006e-02
8.450000000000000000e+02,1.170000000000000068e-01,6.633333333333334136e-02
8.500000000000000000e+02,1.179999999999999938e-01,6.650000000000000355e-02
8.550000000000000000e+02,1.179999999999999938e-01,6.600000000000000311e-02
8.600000000000000000e+02,1.189999999999999947e-01,6.550000000000000266e-02
8.650000000000000000e+02,1.209999999999999964e-01,6.550000000000000266e-02
8.700000000000000000e+02,1.239999999999999991e-01,6.550000000000000266e-02
8.750000000000000000e+02,1.270000000000000018e-01,6.583333333333332704e-02
8.800000000000000000e+02,1.260000000000000009e-01,6.566666666666667873e-02
8.850000000000000000e+02,1.239999999999999991e-01,6.450000000000000178e-02
8.900000000000000000e+02,1.229999999999999982e-01,6.383333333333332527e-02
8.950000000000000000e+02,1.239999999999999991e-01,6.400000000000000133e-02
9.000000000000000000e+02,1.250000000000000000e-01,6.383333333333332527e-02
9.050000000000000000e+02,1.260000000000000009e-01,6.333333333333333870e-02
9.100000000000000000e+02,1.280000000000000027e-01,6.283333333333333826e-02
9.150000000000000000e+02,1.310000000000000053e-01,6.283333333333333826e-02
9.200000000000000000e+02,1.340000000000000080e-01,6.216666666666667562e-02
9.250000000000000000e+02,1.409999999999999865e-01,6.199999999999998568e-02
9.300000000000000000e+02,1.499999999999999944e-01,6.166666666666667518e-02
9.350000000000000000e+02,1.610000000000000042e-01,6.000000000000001166e-02
9.400000000000000000e+02,1.729999999999999871e-01,5.916666666666664520e-02
9.450000000000000000e+02,1.920000000000000040e-01,5.883333333333332082e-02
9.500000000000000000e+02,2.179999999999999993e-01,5.816666666666664431e-02
9.550000000000000000e+02,2.489999999999999991e-01,5.683333333333331905e-02
9.600000000000000000e+02,2.740000000000000213e-01,5.483333333333337278e-02
9.650000000000000000e+02,2.849999999999999756e-01,5.499999999999996558e-02
9.700000000000000000e+02,2.899999999999999800e-01,5.499999999999999334e-02
9.750000000000000000e+02,2.919999999999999818e-01,5.433333333333331683e-02
9.800000000000000000e+02,2.909999999999999809e-01,5.400000000000002021e-02
9.850000000000000000e+02,2.869999999999999774e-01,5.416666666666664076e-02
9.900000000000000000e+02,2.790000000000000258e-01,5.483333333333331727e-02
9.950000000000000000e+02,2.740000000000000213e-01,5.416666666666669627e-02
