wavelength,absorbance,subtracted_absorbance
3.000000000000000000e+02,1.020000000000000018e+00,3.631666666666665266e-01
3.050000000000000000e+02,8.419999999999999707e-01,3.281666666666667176e-01
3.100000000000000000e+02,7.630000000000000115e-01,3.106666666666667020e-01
3.150000000000000000e+02,7.089999999999999636e-01,2.953333333333333366e-01
3.200000000000000000e+02,6.520000000000000240e-01,2.766666666666667274e-01
3.250000000000000000e+02,6.039999999999999813e-01,2.605000000000000648e-01
3.300000000000000000e+02,5.620000000000000551e-01,2.456666666666666998e-01
3.350000000000000000e+02,5.160000000000000142e-01,2.278333333333333877e-01
3.400000000000000000e+02,4.799999999999999822e-01,2.148333333333332651e-01
3.450000000000000000e+02,4.540000000000000147e-01,2.050000000000000433e-01
3.500000000000000000e+02,4.369999999999999996e-01,1.988333333333333619e-01
3.550000000000000000e+02,4.219999999999999862e-01,1.940000000000000058e-01
3.600000000000000000e+02,4.020000000000000240e-01,1.886666666666666770e-01
3.650000000000000000e+02,3.669999999999999929e-01,1.776666666666666672e-01
3.700000000000000000e+02,2.829999999999999738e-01,1.458333333333332871e-01
3.750000000000000000e+02,1.960000000000000075e-01,1.080000000000000265e-01
3.800000000000000000e+02,1.640000000000000069e-01,9.516666666666666330e-02
3.850000000000000000e+02,1.499999999999999944e-01,9.016666666666667274e-02
3.900000000000000000e+02,1.419999999999999873e-01,8.649999999999999356e-02
3.950000000000000000e+02,1.370000000000000107e-01,8.416666666666666741e-02
4.000000000000000000e+02,1.330000000000000071e-01,8.216666666666666563e-02
4.050000000000000000e+02,1.290000000000000036e-01,7.983333333333333948e-02
4.100000000000000000e+02,1.260000000000000009e-01,7.783333333333333770e-02
4.150000000000000000e+02,1.229999999999999982e-01,7.583333333333333592e-02
4.200000000000000000e+02,1.199999999999999956e-01,7.400000000000001021e-02
4.250000000000000000e+02,1.179999999999999938e-01,7.250000000000000888e-02
4.300000000000000000e+02,1.160000000000000059e-01,7.150000000000000799e-02
4.350000000000000000e+02,1.140000000000000041e-01,7.033333333333334492e-02
4.400000000000000000e+02,1.130000000000000032e-01,6.983333333333333059e-02
4.450000000000000000e+02,1.110000000000000014e-01,6.866666666666666752e-02
4.500000000000000000e+02,1.100000000000000006e-01,6.800000000000000488e-02
4.550000000000000000e+02,1.089999999999999997e-01,6.750000000000000444e-02
4.600000000000000000e+02,1.089999999999999997e-01,6.800000000000000488e-02
4.650000000000000000e+02,1.089999999999999997e-01,6.866666666666665364e-02
4.700000000000000000e+02,1.079999999999999988e-01,6.800000000000000488e-02
4.750000000000000000e+02,1.089999999999999997e-01,6.933333333333333015e-02
4.800000000000000000e+02,1.100000000000000006e-01,7.066666666666665542e-02
4.850000000000000000e+02,1.120000000000000023e-01,7.283333333333333326e-02
4.900000000000000000e+02,1.140000000000000041e-01,7.516666666666665941e-02
4.950000000000000000e+02,1.170000000000000068e-01,7.833333333333333814e-02
5.000000000000000000e+02,1.209999999999999964e-01,8.233333333333332782e-02
5.050000000000000000e+02,1.250000000000000000e-01,8.666666666666666963e-02
5.100000000000000000e+02,1.300000000000000044e-01,9.166666666666667407e-02
5.150000000000000000e+02,1.340000000000000080e-01,9.550000000000000155e-02
5.200000000000000000e+02,1.380000000000000115e-01,9.950000000000000511e-02
5.250000000000000000e+02,1.409999999999999865e-01,1.026666666666666561e-01
5.300000000000000000e+02,1.429999999999999882e-01,1.044999999999999818e-01
5.350000000000000000e+02,1.429999999999999882e-01,1.043333333333333196e-01
5.400000000000000000e+02,1.429999999999999882e-01,1.041666666666666574e-01
5.450000000000000000e+02,1.409999999999999865e-01,1.021666666666666556e-01
5.500000000000000000e+02,1.390000000000000124e-01,1.001666666666666816e-01
5.550000000000000000e+02,1.350000000000000089e-01,9.600000000000000200e-02
5.600000000000000000e+02,1.320000000000000062e-01,9.316666666666667540e-02
5.650000000000000000e+02,1.280000000000000027e-01,8.883333333333333359e-02
5.700000000000000000e+02,1.229999999999999982e-01,8.383333333333332915e-02
5.750000000000000000e+02,1.199999999999999956e-01,8.083333333333332649e-02
5.800000000000000000e+02,1.160000000000000059e-01,7.683333333333333681e-02
5.850000000000000000e+02,1.130000000000000032e-01,7.383333333333333415e-02
5.900000000000000000e+02,1.100000000000000006e-01,7.033333333333333104e-02
5.950000000000000000e+02,1.069999999999999979e-01,6.750000000000000444e-02
6.000000000000000000e+02,1.039999999999999952e-01,6.416666666666664964e-02
6.050000000000000000e+02,1.019999999999999934e-01,6.216666666666665481e-02
6.100000000000000000e+02,1.000000000000000056e-01,6.016666666666666691e-02
6.150000000000000000e+02,9.700000000000000289e-02,5.750000000000000250e-02
6.200000000000000000e+02,9.500000000000000111e-02,5.566666666666666291e-02
6.250000000000000000e+02,9.299999999999999933e-02,5.366666666666666113e-02
6.300000000000000000e+02,9.099999999999999756e-02,5.183333333333332849e-02
6.350000000000000000e+02,8.899999999999999578e-02,4.983333333333332671e-02
6.400000000000000000e+02,8.699999999999999400e-02,4.816666666666665625e-02
6.450000000000000000e+02,8.599999999999999312e-02,4.716666666666665536e-02
6.500000000000000000e+02,8.400000000000000522e-02,4.533333333333333659e-02
6.550000000000000000e+02,8.200000000000000344e-02,4.333333333333333481e-02
6.600000000000000000e+02,8.000000000000000167e-02,4.116666666666666391e-02
6.650000000000000000e+02,7.900000000000000078e-02,4.033333333333333215e-02
6.700000000000000000e+02,7.699999999999999900e-02,3.849999999999999950e-02
6.750000000000000000e+02,7.599999999999999811e-02,3.749999999999999861e-02
6.800000000000000000e+02,7.399999999999999634e-02,3.566666666666665902e-02
6.850000000000000000e+02,7.299999999999999545e-02,3.466666666666665814e-02
6.900000000000000000e+02,7.199999999999999456e-02,3.383333333333332638e-02
6.950000000000000000e+02,7.099999999999999367e-02,3.266666666666665636e-02
7.000000000000000000e+02,7.000000000000000666e-02,3.150000000000000716e-02
7.050000000000000000e+02,6.900000000000000577e-02,2.966666666666666757e-02
7.100000000000000000e+02,6.800000000000000488e-02,2.733333333333334142e-02
7.150000000000000000e+02,6.800000000000000488e-02,2.633333333333334053e-02
7.200000000000000000e+02,6.800000000000000488e-02,2.616666666666667140e-02
7.250000000000000000e+02,6.800000000000000488e-02,2.533333333333333964e-02
7.300000000000000000e+02,6.900000000000000577e-02,2.450000000000001482e-02
7.350000000000000000e+02,7.000000000000000666e-02,2.350000000000001393e-02
7.400000000000000000e+02,7.000000000000000666e-02,2.300000000000001349e-02
7.450000000000000000e+02,6.900000000000000577e-02,2.183333333333334347e-02
7.500000000000000000e+02,6.900000000000000577e-02,2.183333333333334347e-02
7.550000000000000000e+02,6.800000000000000488e-02,2.083333333333334259e-02
7.600000000000000000e+02,6.700000000000000400e-02,1.983333333333334170e-02
7.650000000000000000e+02,6.700000000000000400e-02,2.016666666666667301e-02
7.700000000000000000e+02,6.600000000000000311e-02,1.950000000000001038e-02
7.750000000000000000e+02,6.500000000000000222e-02,1.883333333333334081e-02
7.800000000000000000e+02,6.400000000000000133e-02,1.850000000000000949e-02
7.850000000000000000e+02,6.300000000000000044e-02,1.783333333333333992e-02
7.900000000000000000e+02,6.199999999999999956e-02,1.766666666666667079e-02
7.950000000000000000e+02,6.099999999999999867e-02,1.700000000000000816e-02
8.000000000000000000e+02,5.999999999999999778e-02,1.683333333333333209e-02
8.050000000000000000e+02,5.899999999999999689e-02,1.583333333333333121e-02
8.100000000000000000e+02,5.899999999999999689e-02,1.599999999999999339e-02
8.150000000000000000e+02,5.800000000000000294e-02,1.483333333333333726e-02
8.200000000000000000e+02,5.899999999999999689e-02,1.516666666666666857e-02
8.250000000000000000e+02,5.999999999999999778e-02,1.533333333333333770e-02
8.300000000000000000e+02,6.099999999999999867e-02,1.400000000000000550e-02
8.350000000000000000e+02,6.300000000000000044e-02,1.366666666666666724e-02
8.400000000000000000e+02,6.300000000000000044e-02,1.316666666666666680e-02
8.450000000000000000e+02,6.300000000000000044e-02,1.233333333333333504e-02
8.500000000000000000e+02,6.400000000000000133e-02,1.250000000000000416e-02
8.550000000000000000e+02,6.500000000000000222e-02,1.300000000000000461e-02
8.600000000000000000e+02,6.500000000000000222e-02,1.150000000000000328e-02
8.650000000000000000e+02,6.700000000000000400e-02,1.150000000000000328e-02
8.700000000000000000e+02,7.000000000000000666e-02,1.150000000000001021e-02
8.750000000000000000e+02,7.299999999999999545e-02,1.183333333333332765e-02
8.800000000000000000e+02,7.099999999999999367e-02,1.066666666666666458e-02
8.850000000000000000e+02,7.099999999999999367e-02,1.149999999999999634e-02
8.900000000000000000e+02,7.000000000000000666e-02,1.083333333333334064e-02
8.950000000000000000e+02,7.000000000000000666e-02,1.000000000000000888e-02
9.000000000000000000e+02,7.099999999999999367e-02,9.833333333333325876e-03
9.050000000000000000e+02,7.199999999999999456e-02,9.333333333333332371e-03
9.100000000000000000e+02,7.399999999999999634e-02,8.833333333333331927e-03
9.150000000000000000e+02,7.599999999999999811e-02,7.833333333333331039e-03
9.200000000000000000e+02,8.000000000000000167e-02,8.166666666666669294e-03
9.250000000000000000e+02,8.599999999999999312e-02,6.999999999999992339e-03
9.300000000000000000e+02,9.500000000000000111e-02,6.666666666666681840e-03
9.350000000000000000e+02,1.049999999999999961e-01,4.000000000000003553e-03
9.400000000000000000e+02,1.170000000000000068e-01,3.166666666666664853e-03
9.450000000000000000e+02,1.350000000000000089e-01,1.833333333333325710e-03
9.500000000000000000e+02,1.580000000000000016e-01,-1.833333333333353465e-03
9.550000000000000000e+02,1.880000000000000004e-01,-4.166666666666679619e-03
9.600000000000000000e+02,2.119999999999999940e-01,-7.166666666666654528e-03
9.650000000000000000e+02,2.220000000000000029e-01,-8.000000000000007105e-03
9.700000000000000000e+02,2.260000000000000064e-01,-8.999999999999980238e-03
9.750000000000000000e+02,2.290000000000000091e-01,-8.666666666666655860e-03
9.800000000000000000e+02,2.290000000000000091e-01,-7.999999999999951594e-03
9.850000000000000000e+02,2.250000000000000056e-01,-7.833333333333331039e-03
9.900000000000000000e+02,2.159999999999999976e-01,-8.166666666666710928e-03
9.950000000000000000e+02,2.139999999999999958e-01,-5.833333333333329263e-03
