wavelength,absorbance,subtracted_absorbance
3.000000000000000000e+02,7.299999999999999822e-01,7.316666666666649110e-02
3.050000000000000000e+02,5.859999999999999654e-01,7.216666666666671226e-02
3.100000000000000000e+02,5.190000000000000169e-01,6.666666666666670737e-02
3.150000000000000000e+02,4.769999999999999796e-01,6.333333333333335258e-02
3.200000000000000000e+02,4.339999999999999969e-01,5.866666666666670027e-02
3.250000000000000000e+02,3.970000000000000195e-01,5.350000000000010303e-02
3.300000000000000000e+02,3.669999999999999929e-01,5.066666666666663765e-02
3.350000000000000000e+02,3.350000000000000200e-01,4.683333333333339343e-02
3.400000000000000000e+02,3.089999999999999969e-01,4.383333333333327975e-02
3.450000000000000000e+02,2.899999999999999800e-01,4.100000000000000866e-02
3.500000000000000000e+02,2.770000000000000240e-01,3.883333333333338633e-02
3.550000000000000000e+02,2.660000000000000142e-01,3.800000000000003375e-02
3.600000000000000000e+02,2.500000000000000000e-01,3.666666666666665297e-02
3.650000000000000000e+02,2.220000000000000029e-01,3.266666666666667718e-02
3.700000000000000000e+02,1.610000000000000042e-01,2.383333333333331749e-02
3.750000000000000000e+02,1.029999999999999943e-01,1.500000000000001332e-02
3.800000000000000000e+02,8.100000000000000255e-02,1.216666666666665897e-02
3.850000000000000000e+02,7.000000000000000666e-02,1.016666666666667801e-02
3.900000000000000000e+02,6.500000000000000222e-02,9.500000000000001499e-03
3.950000000000000000e+02,6.199999999999999956e-02,9.166666666666663243e-03
4.000000000000000000e+02,5.899999999999999689e-02,8.166666666666662355e-03
4.050000000000000000e+02,5.700000000000000205e-02,7.833333333333337978e-03
4.100000000000000000e+02,5.500000000000000028e-02,6.833333333333337090e-03
4.150000000000000000e+02,5.399999999999999939e-02,6.833333333333337090e-03
4.200000000000000000e+02,5.199999999999999761e-02,6.000000000000005329e-03
4.250000000000000000e+02,5.099999999999999672e-02,5.500000000000004885e-03
4.300000000000000000e+02,4.900000000000000189e-02,4.500000000000010936e-03
4.350000000000000000e+02,4.800000000000000100e-02,4.333333333333341808e-03
4.400000000000000000e+02,4.599999999999999922e-02,2.833333333333333537e-03
4.450000000000000000e+02,4.599999999999999922e-02,3.666666666666665297e-03
4.500000000000000000e+02,4.499999999999999833e-02,2.999999999999995726e-03
4.550000000000000000e+02,4.499999999999999833e-02,3.499999999999996170e-03
4.600000000000000000e+02,4.499999999999999833e-02,3.999999999999996614e-03
4.650000000000000000e+02,4.499999999999999833e-02,4.666666666666659247e-03
4.700000000000000000e+02,4.499999999999999833e-02,4.999999999999997502e-03
4.750000000000000000e+02,4.399999999999999745e-02,4.333333333333327930e-03
4.800000000000000000e+02,4.399999999999999745e-02,4.666666666666659247e-03
4.850000000000000000e+02,4.399999999999999745e-02,4.833333333333328374e-03
4.900000000000000000e+02,4.399999999999999745e-02,5.166666666666659691e-03
4.950000000000000000e+02,4.299999999999999656e-02,4.333333333333327930e-03
5.000000000000000000e+02,4.299999999999999656e-02,4.333333333333327930e-03
5.050000000000000000e+02,4.299999999999999656e-02,4.666666666666659247e-03
5.100000000000000000e+02,4.200000000000000261e-02,3.666666666666665297e-03
5.150000000000000000e+02,4.200000000000000261e-02,3.500000000000003109e-03
5.200000000000000000e+02,4.100000000000000172e-02,2.500000000000002220e-03
5.250000000000000000e+02,4.100000000000000172e-02,2.666666666666664409e-03
5.300000000000000000e+02,4.100000000000000172e-02,2.500000000000002220e-03
5.350000000000000000e+02,4.000000000000000083e-02,1.333333333333332205e-03
5.400000000000000000e+02,4.000000000000000083e-02,1.166666666666663077e-03
5.450000000000000000e+02,4.000000000000000083e-02,1.166666666666663077e-03
5.500000000000000000e+02,4.000000000000000083e-02,1.166666666666663077e-03
5.550000000000000000e+02,3.899999999999999994e-02,0.000000000000000000e+00
5.600000000000000000e+02,3.899999999999999994e-02,1.666666666666621888e-04
5.650000000000000000e+02,3.899999999999999994e-02,-1.666666666666691277e-04
5.700000000000000000e+02,3.899999999999999994e-02,-1.666666666666691277e-04
5.750000000000000000e+02,4.000000000000000083e-02,8.333333333333317605e-04
5.800000000000000000e+02,4.000000000000000083e-02,8.333333333333317605e-04
5.850000000000000000e+02,4.000000000000000083e-02,8.333333333333317605e-04
5.900000000000000000e+02,4.000000000000000083e-02,3.333333333333313164e-04
5.950000000000000000e+02,4.000000000000000083e-02,5.000000000000004441e-04
6.000000000000000000e+02,4.100000000000000172e-02,1.166666666666663077e-03
6.050000000000000000e+02,4.100000000000000172e-02,1.166666666666663077e-03
6.100000000000000000e+02,4.100000000000000172e-02,1.166666666666663077e-03
6.150000000000000000e+02,4.100000000000000172e-02,1.500000000000001332e-03
6.200000000000000000e+02,4.100000000000000172e-02,1.666666666666663521e-03
6.250000000000000000e+02,4.100000000000000172e-02,1.666666666666663521e-03
6.300000000000000000e+02,4.100000000000000172e-02,1.833333333333332649e-03
6.350000000000000000e+02,4.100000000000000172e-02,1.833333333333332649e-03
6.400000000000000000e+02,4.100000000000000172e-02,2.166666666666663965e-03
6.450000000000000000e+02,4.100000000000000172e-02,2.166666666666663965e-03
6.500000000000000000e+02,4.000000000000000083e-02,1.333333333333332205e-03
6.550000000000000000e+02,4.000000000000000083e-02,1.333333333333332205e-03
6.600000000000000000e+02,4.000000000000000083e-02,1.166666666666663077e-03
6.650000000000000000e+02,4.000000000000000083e-02,1.333333333333332205e-03
6.700000000000000000e+02,4.000000000000000083e-02,1.500000000000001332e-03
6.750000000000000000e+02,4.000000000000000083e-02,1.500000000000001332e-03
6.800000000000000000e+02,3.899999999999999994e-02,6.666666666666626329e-04
6.850000000000000000e+02,3.899999999999999994e-02,6.666666666666626329e-04
6.900000000000000000e+02,3.899999999999999994e-02,8.333333333333317605e-04
6.950000000000000000e+02,3.899999999999999994e-02,6.666666666666626329e-04
7.000000000000000000e+02,3.899999999999999994e-02,5.000000000000004441e-04
7.050000000000000000e+02,3.899999999999999994e-02,-3.333333333333382553e-04
7.100000000000000000e+02,4.000000000000000083e-02,-6.666666666666626329e-04
7.150000000000000000e+02,4.100000000000000172e-02,-6.666666666666626329e-04
7.200000000000000000e+02,4.100000000000000172e-02,-8.333333333333317605e-04
7.250000000000000000e+02,4.200000000000000261e-02,-6.666666666666626329e-04
7.300000000000000000e+02,4.299999999999999656e-02,-1.499999999999994393e-03
7.350000000000000000e+02,4.499999999999999833e-02,-1.499999999999994393e-03
7.400000000000000000e+02,4.599999999999999922e-02,-9.999999999999939493e-04
7.450000000000000000e+02,4.599999999999999922e-02,-1.166666666666663077e-03
7.500000000000000000e+02,4.599999999999999922e-02,-1.166666666666663077e-03
7.550000000000000000e+02,4.599999999999999922e-02,-1.166666666666663077e-03
7.600000000000000000e+02,4.599999999999999922e-02,-1.166666666666663077e-03
7.650000000000000000e+02,4.599999999999999922e-02,-8.333333333333317605e-04
7.700000000000000000e+02,4.499999999999999833e-02,-1.499999999999994393e-03
7.750000000000000000e+02,4.499999999999999833e-02,-1.166666666666663077e-03
7.800000000000000000e+02,4.499999999999999833e-02,-4.999999999999935052e-04
7.850000000000000000e+02,4.399999999999999745e-02,-1.166666666666663077e-03
7.900000000000000000e+02,4.399999999999999745e-02,-3.333333333333313164e-04
7.950000000000000000e+02,4.299999999999999656e-02,-9.999999999999939493e-04
8.000000000000000000e+02,4.299999999999999656e-02,-1.666666666666691277e-04
8.050000000000000000e+02,4.299999999999999656e-02,-1.666666666666691277e-04
8.100000000000000000e+02,4.299999999999999656e-02,-6.938893903907228378e-18
8.150000000000000000e+02,4.299999999999999656e-02,-1.666666666666691277e-04
8.200000000000000000e+02,4.399999999999999745e-02,1.666666666666691277e-04
8.250000000000000000e+02,4.499999999999999833e-02,3.333333333333382553e-04
8.300000000000000000e+02,4.700000000000000011e-02,6.938893903907228378e-18
8.350000000000000000e+02,5.000000000000000278e-02,6.666666666666695718e-04
8.400000000000000000e+02,5.000000000000000278e-02,1.666666666666691277e-04
8.450000000000000000e+02,5.099999999999999672e-02,3.333333333333313164e-04
8.500000000000000000e+02,5.199999999999999761e-02,5.000000000000004441e-04
8.550000000000000000e+02,5.299999999999999850e-02,1.000000000000000888e-03
8.600000000000000000e+02,5.399999999999999939e-02,5.000000000000004441e-04
8.650000000000000000e+02,5.700000000000000205e-02,1.500000000000001332e-03
8.700000000000000000e+02,5.999999999999999778e-02,1.500000000000001332e-03
8.750000000000000000e+02,6.300000000000000044e-02,1.833333333333332649e-03
8.800000000000000000e+02,6.199999999999999956e-02,1.666666666666670460e-03
8.850000000000000000e+02,6.099999999999999867e-02,1.500000000000001332e-03
8.900000000000000000e+02,6.099999999999999867e-02,1.833333333333332649e-03
8.950000000000000000e+02,6.199999999999999956e-02,2.000000000000001776e-03
9.000000000000000000e+02,6.300000000000000044e-02,1.833333333333332649e-03
9.050000000000000000e+02,6.500000000000000222e-02,2.333333333333340032e-03
9.100000000000000000e+02,6.700000000000000400e-02,1.833333333333339588e-03
9.150000000000000000e+02,7.099999999999999367e-02,2.833333333333326598e-03
9.200000000000000000e+02,7.399999999999999634e-02,2.166666666666663965e-03
9.250000000000000000e+02,8.200000000000000344e-02,3.000000000000002665e-03
9.300000000000000000e+02,8.999999999999999667e-02,1.666666666666677399e-03
9.350000000000000000e+02,1.019999999999999934e-01,1.000000000000000888e-03
9.400000000000000000e+02,1.150000000000000050e-01,1.166666666666663077e-03
9.450000000000000000e+02,1.340000000000000080e-01,8.333333333333248216e-04
9.500000000000000000e+02,1.590000000000000024e-01,-8.333333333333525772e-04
9.550000000000000000e+02,1.900000000000000022e-01,-2.166666666666677843e-03
9.600000000000000000e+02,2.159999999999999976e-01,-3.166666666666650976e-03
9.650000000000000000e+02,2.260000000000000064e-01,-4.000000000000003553e-03
9.700000000000000000e+02,2.310000000000000109e-01,-3.999999999999975797e-03
9.750000000000000000e+02,2.340000000000000135e-01,-3.666666666666651420e-03
9.800000000000000000e+02,2.330000000000000127e-01,-3.999999999999948042e-03
9.850000000000000000e+02,2.290000000000000091e-01,-3.833333333333327486e-03
9.900000000000000000e+02,2.210000000000000020e-01,-3.166666666666706487e-03
9.950000000000000000e+02,2.159999999999999976e-01,-3.833333333333327486e-03
