wavelength,absorbance,subtracted_absorbance
3.000000000000000000e+02,9.370000000000000551e-01,2.801666666666665639e-01
3.050000000000000000e+02,7.850000000000000311e-01,2.711666666666667780e-01
3.100000000000000000e+02,7.099999999999999645e-01,2.576666666666666550e-01
3.150000000000000000e+02,6.570000000000000284e-01,2.433333333333334014e-01
3.200000000000000000e+02,6.039999999999999813e-01,2.286666666666666847e-01
3.250000000000000000e+02,5.580000000000000515e-01,2.145000000000001350e-01
3.300000000000000000e+02,5.190000000000000169e-01,2.026666666666666616e-01
3.350000000000000000e+02,4.769999999999999796e-01,1.888333333333333530e-01
3.400000000000000000e+02,4.420000000000000040e-01,1.768333333333332869e-01
3.450000000000000000e+02,4.139999999999999791e-01,1.650000000000000078e-01
3.500000000000000000e+02,3.940000000000000169e-01,1.558333333333333792e-01
3.550000000000000000e+02,3.760000000000000009e-01,1.480000000000000204e-01
3.600000000000000000e+02,3.519999999999999796e-01,1.386666666666666325e-01
3.650000000000000000e+02,3.180000000000000049e-01,1.286666666666666792e-01
3.700000000000000000e+02,2.489999999999999991e-01,1.118333333333333124e-01
3.750000000000000000e+02,1.819999999999999951e-01,9.400000000000001410e-02
3.800000000000000000e+02,1.539999999999999980e-01,8.516666666666665442e-02
3.850000000000000000e+02,1.380000000000000115e-01,7.816666666666668983e-02
3.900000000000000000e+02,1.280000000000000027e-01,7.250000000000000888e-02
3.950000000000000000e+02,1.199999999999999956e-01,6.716666666666665231e-02
4.000000000000000000e+02,1.130000000000000032e-01,6.216666666666666868e-02
4.050000000000000000e+02,1.069999999999999979e-01,5.783333333333333381e-02
4.100000000000000000e+02,1.019999999999999934e-01,5.383333333333333026e-02
4.150000000000000000e+02,9.700000000000000289e-02,4.983333333333334059e-02
4.200000000000000000e+02,9.299999999999999933e-02,4.700000000000000705e-02
4.250000000000000000e+02,8.899999999999999578e-02,4.350000000000000394e-02
4.300000000000000000e+02,8.599999999999999312e-02,4.150000000000000216e-02
4.350000000000000000e+02,8.200000000000000344e-02,3.833333333333334425e-02
4.400000000000000000e+02,7.900000000000000078e-02,3.583333333333333509e-02
4.450000000000000000e+02,7.599999999999999811e-02,3.366666666666666419e-02
4.500000000000000000e+02,7.299999999999999545e-02,3.099999999999999284e-02
4.550000000000000000e+02,7.099999999999999367e-02,2.949999999999999151e-02
4.600000000000000000e+02,6.900000000000000577e-02,2.800000000000000405e-02
4.650000000000000000e+02,6.600000000000000311e-02,2.566666666666666402e-02
4.700000000000000000e+02,6.400000000000000133e-02,2.400000000000000050e-02
4.750000000000000000e+02,6.199999999999999956e-02,2.233333333333333004e-02
4.800000000000000000e+02,6.099999999999999867e-02,2.166666666666666047e-02
4.850000000000000000e+02,5.899999999999999689e-02,1.983333333333332782e-02
4.900000000000000000e+02,5.800000000000000294e-02,1.916666666666666519e-02
4.950000000000000000e+02,5.600000000000000117e-02,1.733333333333333254e-02
5.000000000000000000e+02,5.500000000000000028e-02,1.633333333333333165e-02
5.050000000000000000e+02,5.399999999999999939e-02,1.566666666666666208e-02
5.100000000000000000e+02,5.299999999999999850e-02,1.466666666666666119e-02
5.150000000000000000e+02,5.199999999999999761e-02,1.349999999999999811e-02
5.200000000000000000e+02,5.199999999999999761e-02,1.349999999999999811e-02
5.250000000000000000e+02,5.099999999999999672e-02,1.266666666666665941e-02
5.300000000000000000e+02,5.000000000000000278e-02,1.150000000000000328e-02
5.350000000000000000e+02,5.000000000000000278e-02,1.133333333333333415e-02
5.400000000000000000e+02,4.900000000000000189e-02,1.016666666666666413e-02
5.450000000000000000e+02,4.900000000000000189e-02,1.016666666666666413e-02
5.500000000000000000e+02,4.800000000000000100e-02,9.166666666666663243e-03
5.550000000000000000e+02,4.800000000000000100e-02,9.000000000000001055e-03
5.600000000000000000e+02,4.800000000000000100e-02,9.166666666666663243e-03
5.650000000000000000e+02,4.700000000000000011e-02,7.833333333333331039e-03
5.700000000000000000e+02,4.700000000000000011e-02,7.833333333333331039e-03
5.750000000000000000e+02,4.700000000000000011e-02,7.833333333333331039e-03
5.800000000000000000e+02,4.700000000000000011e-02,7.833333333333331039e-03
5.850000000000000000e+02,4.599999999999999922e-02,6.833333333333330151e-03
5.900000000000000000e+02,4.599999999999999922e-02,6.333333333333329707e-03
5.950000000000000000e+02,4.599999999999999922e-02,6.499999999999998834e-03
6.000000000000000000e+02,4.599999999999999922e-02,6.166666666666660579e-03
6.050000000000000000e+02,4.599999999999999922e-02,6.166666666666660579e-03
6.100000000000000000e+02,4.599999999999999922e-02,6.166666666666660579e-03
6.150000000000000000e+02,4.599999999999999922e-02,6.499999999999998834e-03
6.200000000000000000e+02,4.499999999999999833e-02,5.666666666666660135e-03
6.250000000000000000e+02,4.499999999999999833e-02,5.666666666666660135e-03
6.300000000000000000e+02,4.499999999999999833e-02,5.833333333333329263e-03
6.350000000000000000e+02,4.499999999999999833e-02,5.833333333333329263e-03
6.400000000000000000e+02,4.399999999999999745e-02,5.166666666666659691e-03
6.450000000000000000e+02,4.399999999999999745e-02,5.166666666666659691e-03
6.500000000000000000e+02,4.399999999999999745e-02,5.333333333333328818e-03
6.550000000000000000e+02,4.399999999999999745e-02,5.333333333333328818e-03
6.600000000000000000e+02,4.399999999999999745e-02,5.166666666666659691e-03
6.650000000000000000e+02,4.399999999999999745e-02,5.333333333333328818e-03
6.700000000000000000e+02,4.399999999999999745e-02,5.499999999999997946e-03
6.750000000000000000e+02,4.299999999999999656e-02,4.499999999999997058e-03
6.800000000000000000e+02,4.299999999999999656e-02,4.666666666666659247e-03
6.850000000000000000e+02,4.299999999999999656e-02,4.666666666666659247e-03
6.900000000000000000e+02,4.299999999999999656e-02,4.833333333333328374e-03
6.950000000000000000e+02,4.299999999999999656e-02,4.666666666666659247e-03
7.000000000000000000e+02,4.299999999999999656e-02,4.499999999999997058e-03
7.050000000000000000e+02,4.399999999999999745e-02,4.666666666666659247e-03
7.100000000000000000e+02,4.599999999999999922e-02,5.333333333333335757e-03
7.150000000000000000e+02,4.700000000000000011e-02,5.333333333333335757e-03
7.200000000000000000e+02,4.700000000000000011e-02,5.166666666666666630e-03
7.250000000000000000e+02,4.800000000000000100e-02,5.333333333333335757e-03
7.300000000000000000e+02,4.900000000000000189e-02,4.500000000000010936e-03
7.350000000000000000e+02,5.099999999999999672e-02,4.500000000000003997e-03
7.400000000000000000e+02,5.199999999999999761e-02,5.000000000000004441e-03
7.450000000000000000e+02,5.199999999999999761e-02,4.833333333333335313e-03
7.500000000000000000e+02,5.199999999999999761e-02,4.833333333333335313e-03
7.550000000000000000e+02,5.099999999999999672e-02,3.833333333333334425e-03
7.600000000000000000e+02,5.099999999999999672e-02,3.833333333333334425e-03
7.650000000000000000e+02,5.099999999999999672e-02,4.166666666666665741e-03
7.700000000000000000e+02,5.099999999999999672e-02,4.500000000000003997e-03
7.750000000000000000e+02,5.000000000000000278e-02,3.833333333333341364e-03
7.800000000000000000e+02,5.000000000000000278e-02,4.500000000000010936e-03
7.850000000000000000e+02,4.900000000000000189e-02,3.833333333333341364e-03
7.900000000000000000e+02,4.900000000000000189e-02,4.666666666666673124e-03
7.950000000000000000e+02,4.800000000000000100e-02,4.000000000000010492e-03
8.000000000000000000e+02,4.700000000000000011e-02,3.833333333333334425e-03
8.050000000000000000e+02,4.700000000000000011e-02,3.833333333333334425e-03
8.100000000000000000e+02,4.700000000000000011e-02,3.999999999999996614e-03
8.150000000000000000e+02,4.700000000000000011e-02,3.833333333333334425e-03
8.200000000000000000e+02,4.800000000000000100e-02,4.166666666666672680e-03
8.250000000000000000e+02,4.800000000000000100e-02,3.333333333333340920e-03
8.300000000000000000e+02,5.000000000000000278e-02,3.000000000000009603e-03
8.350000000000000000e+02,5.199999999999999761e-02,2.666666666666664409e-03
8.400000000000000000e+02,5.299999999999999850e-02,3.166666666666664853e-03
8.450000000000000000e+02,5.299999999999999850e-02,2.333333333333333093e-03
8.500000000000000000e+02,5.399999999999999939e-02,2.500000000000002220e-03
8.550000000000000000e+02,5.500000000000000028e-02,3.000000000000002665e-03
8.600000000000000000e+02,5.600000000000000117e-02,2.500000000000002220e-03
8.650000000000000000e+02,5.800000000000000294e-02,2.500000000000002220e-03
8.700000000000000000e+02,6.099999999999999867e-02,2.500000000000002220e-03
8.750000000000000000e+02,6.400000000000000133e-02,2.833333333333333537e-03
8.800000000000000000e+02,6.300000000000000044e-02,2.666666666666671348e-03
8.850000000000000000e+02,6.099999999999999867e-02,1.500000000000001332e-03
8.900000000000000000e+02,6.099999999999999867e-02,1.833333333333332649e-03
8.950000000000000000e+02,6.199999999999999956e-02,2.000000000000001776e-03
9.000000000000000000e+02,6.400000000000000133e-02,2.833333333333333537e-03
9.050000000000000000e+02,6.400000000000000133e-02,1.333333333333339144e-03
9.100000000000000000e+02,6.700000000000000400e-02,1.833333333333339588e-03
9.150000000000000000e+02,7.000000000000000666e-02,1.833333333333339588e-03
9.200000000000000000e+02,7.299999999999999545e-02,1.166666666666663077e-03
9.250000000000000000e+02,8.000000000000000167e-02,1.000000000000000888e-03
9.300000000000000000e+02,8.899999999999999578e-02,6.666666666666765106e-04
9.350000000000000000e+02,1.000000000000000056e-01,-9.999999999999870104e-04
9.400000000000000000e+02,1.120000000000000023e-01,-1.833333333333339588e-03
9.450000000000000000e+02,1.310000000000000053e-01,-2.166666666666677843e-03
9.500000000000000000e+02,1.559999999999999998e-01,-3.833333333333355242e-03
9.550000000000000000e+02,1.859999999999999987e-01,-6.166666666666681396e-03
9.600000000000000000e+02,2.109999999999999931e-01,-8.166666666666655416e-03
9.650000000000000000e+02,2.220000000000000029e-01,-8.000000000000007105e-03
9.700000000000000000e+02,2.270000000000000073e-01,-7.999999999999979350e-03
9.750000000000000000e+02,2.300000000000000100e-01,-7.666666666666654972e-03
9.800000000000000000e+02,2.290000000000000091e-01,-7.999999999999951594e-03
9.850000000000000000e+02,2.250000000000000056e-01,-7.833333333333331039e-03
9.900000000000000000e+02,2.169999999999999984e-01,-7.166666666666710039e-03
9.950000000000000000e+02,2.119999999999999940e-01,-7.833333333333331039e-03
