wavelength,absorbance,subtracted_absorbance
3.000000000000000000e+02,9.489999999999999547e-01,2.921666666666664636e-01
3.050000000000000000e+02,7.940000000000000391e-01,2.801666666666667860e-01
3.100000000000000000e+02,7.159999999999999698e-01,2.636666666666666603e-01
3.150000000000000000e+02,6.610000000000000320e-01,2.473333333333334050e-01
3.200000000000000000e+02,6.069999999999999840e-01,2.316666666666666874e-01
3.250000000000000000e+02,5.600000000000000533e-01,2.165000000000001368e-01
3.300000000000000000e+02,5.180000000000000160e-01,2.016666666666666607e-01
3.350000000000000000e+02,4.759999999999999787e-01,1.878333333333333521e-01
3.400000000000000000e+02,4.400000000000000022e-01,1.748333333333332851e-01
3.450000000000000000e+02,4.099999999999999756e-01,1.610000000000000042e-01
3.500000000000000000e+02,3.880000000000000115e-01,1.498333333333333739e-01
3.550000000000000000e+02,3.669999999999999929e-01,1.390000000000000124e-01
3.600000000000000000e+02,3.420000000000000262e-01,1.286666666666666792e-01
3.650000000000000000e+02,3.059999999999999942e-01,1.166666666666666685e-01
3.700000000000000000e+02,2.359999999999999876e-01,9.883333333333330084e-02
3.750000000000000000e+02,1.710000000000000131e-01,8.300000000000003209e-02
3.800000000000000000e+02,1.419999999999999873e-01,7.316666666666664376e-02
3.850000000000000000e+02,1.250000000000000000e-01,6.516666666666667829e-02
3.900000000000000000e+02,1.140000000000000041e-01,5.850000000000000339e-02
3.950000000000000000e+02,1.049999999999999961e-01,5.216666666666665980e-02
4.000000000000000000e+02,9.800000000000000377e-02,4.716666666666666924e-02
4.050000000000000000e+02,9.099999999999999756e-02,4.183333333333333348e-02
4.100000000000000000e+02,8.599999999999999312e-02,3.783333333333332993e-02
4.150000000000000000e+02,8.100000000000000255e-02,3.383333333333334025e-02
4.200000000000000000e+02,7.599999999999999811e-02,3.000000000000000583e-02
4.250000000000000000e+02,7.199999999999999456e-02,2.650000000000000272e-02
4.300000000000000000e+02,6.900000000000000577e-02,2.450000000000001482e-02
4.350000000000000000e+02,6.600000000000000311e-02,2.233333333333334392e-02
4.400000000000000000e+02,6.300000000000000044e-02,1.983333333333333476e-02
4.450000000000000000e+02,5.999999999999999778e-02,1.766666666666666385e-02
4.500000000000000000e+02,5.800000000000000294e-02,1.600000000000000033e-02
4.550000000000000000e+02,5.700000000000000205e-02,1.549999999999999989e-02
4.600000000000000000e+02,5.500000000000000028e-02,1.399999999999999856e-02
4.650000000000000000e+02,5.299999999999999850e-02,1.266666666666665941e-02
4.700000000000000000e+02,5.199999999999999761e-02,1.199999999999999678e-02
4.750000000000000000e+02,5.099999999999999672e-02,1.133333333333332721e-02
4.800000000000000000e+02,5.000000000000000278e-02,1.066666666666666458e-02
4.850000000000000000e+02,4.900000000000000189e-02,9.833333333333332815e-03
4.900000000000000000e+02,4.800000000000000100e-02,9.166666666666663243e-03
4.950000000000000000e+02,4.700000000000000011e-02,8.333333333333331483e-03
5.000000000000000000e+02,4.599999999999999922e-02,7.333333333333330595e-03
5.050000000000000000e+02,4.599999999999999922e-02,7.666666666666661911e-03
5.100000000000000000e+02,4.599999999999999922e-02,7.666666666666661911e-03
5.150000000000000000e+02,4.499999999999999833e-02,6.499999999999998834e-03
5.200000000000000000e+02,4.499999999999999833e-02,6.499999999999998834e-03
5.250000000000000000e+02,4.399999999999999745e-02,5.666666666666660135e-03
5.300000000000000000e+02,4.399999999999999745e-02,5.499999999999997946e-03
5.350000000000000000e+02,4.399999999999999745e-02,5.333333333333328818e-03
5.400000000000000000e+02,4.399999999999999745e-02,5.166666666666659691e-03
5.450000000000000000e+02,4.299999999999999656e-02,4.166666666666658803e-03
5.500000000000000000e+02,4.299999999999999656e-02,4.166666666666658803e-03
5.550000000000000000e+02,4.299999999999999656e-02,3.999999999999996614e-03
5.600000000000000000e+02,4.299999999999999656e-02,4.166666666666658803e-03
5.650000000000000000e+02,4.299999999999999656e-02,3.833333333333327486e-03
5.700000000000000000e+02,4.200000000000000261e-02,2.833333333333333537e-03
5.750000000000000000e+02,4.200000000000000261e-02,2.833333333333333537e-03
5.800000000000000000e+02,4.200000000000000261e-02,2.833333333333333537e-03
5.850000000000000000e+02,4.200000000000000261e-02,2.833333333333333537e-03
5.900000000000000000e+02,4.200000000000000261e-02,2.333333333333333093e-03
5.950000000000000000e+02,4.200000000000000261e-02,2.500000000000002220e-03
6.000000000000000000e+02,4.200000000000000261e-02,2.166666666666663965e-03
6.050000000000000000e+02,4.200000000000000261e-02,2.166666666666663965e-03
6.100000000000000000e+02,4.200000000000000261e-02,2.166666666666663965e-03
6.150000000000000000e+02,4.200000000000000261e-02,2.500000000000002220e-03
6.200000000000000000e+02,4.200000000000000261e-02,2.666666666666664409e-03
6.250000000000000000e+02,4.100000000000000172e-02,1.666666666666663521e-03
6.300000000000000000e+02,4.100000000000000172e-02,1.833333333333332649e-03
6.350000000000000000e+02,4.100000000000000172e-02,1.833333333333332649e-03
6.400000000000000000e+02,4.100000000000000172e-02,2.166666666666663965e-03
6.450000000000000000e+02,4.100000000000000172e-02,2.166666666666663965e-03
6.500000000000000000e+02,4.100000000000000172e-02,2.333333333333333093e-03
6.550000000000000000e+02,4.100000000000000172e-02,2.333333333333333093e-03
6.600000000000000000e+02,4.100000000000000172e-02,2.166666666666663965e-03
6.650000000000000000e+02,4.100000000000000172e-02,2.333333333333333093e-03
6.700000000000000000e+02,4.100000000000000172e-02,2.500000000000002220e-03
6.750000000000000000e+02,4.100000000000000172e-02,2.500000000000002220e-03
6.800000000000000000e+02,4.100000000000000172e-02,2.666666666666664409e-03
6.850000000000000000e+02,4.100000000000000172e-02,2.666666666666664409e-03
6.900000000000000000e+02,4.100000000000000172e-02,2.833333333333333537e-03
6.950000000000000000e+02,4.100000000000000172e-02,2.666666666666664409e-03
7.000000000000000000e+02,4.100000000000000172e-02,2.500000000000002220e-03
7.050000000000000000e+02,4.200000000000000261e-02,2.666666666666664409e-03
7.100000000000000000e+02,4.399999999999999745e-02,3.333333333333333981e-03
7.150000000000000000e+02,4.499999999999999833e-02,3.333333333333333981e-03
7.200000000000000000e+02,4.599999999999999922e-02,4.166666666666665741e-03
7.250000000000000000e+02,4.700000000000000011e-02,4.333333333333334869e-03
7.300000000000000000e+02,4.800000000000000100e-02,3.500000000000010048e-03
7.350000000000000000e+02,5.000000000000000278e-02,3.500000000000010048e-03
7.400000000000000000e+02,5.099999999999999672e-02,4.000000000000003553e-03
7.450000000000000000e+02,5.099999999999999672e-02,3.833333333333334425e-03
7.500000000000000000e+02,5.099999999999999672e-02,3.833333333333334425e-03
7.550000000000000000e+02,5.099999999999999672e-02,3.833333333333334425e-03
7.600000000000000000e+02,5.099999999999999672e-02,3.833333333333334425e-03
7.650000000000000000e+02,5.099999999999999672e-02,4.166666666666665741e-03
7.700000000000000000e+02,5.099999999999999672e-02,4.500000000000003997e-03
7.750000000000000000e+02,5.000000000000000278e-02,3.833333333333341364e-03
7.800000000000000000e+02,5.000000000000000278e-02,4.500000000000010936e-03
7.850000000000000000e+02,4.900000000000000189e-02,3.833333333333341364e-03
7.900000000000000000e+02,4.900000000000000189e-02,4.666666666666673124e-03
7.950000000000000000e+02,4.900000000000000189e-02,5.000000000000011380e-03
8.000000000000000000e+02,4.800000000000000100e-02,4.833333333333335313e-03
8.050000000000000000e+02,4.800000000000000100e-02,4.833333333333335313e-03
8.100000000000000000e+02,4.800000000000000100e-02,4.999999999999997502e-03
8.150000000000000000e+02,4.800000000000000100e-02,4.833333333333335313e-03
8.200000000000000000e+02,4.900000000000000189e-02,5.166666666666673569e-03
8.250000000000000000e+02,4.900000000000000189e-02,4.333333333333341808e-03
8.300000000000000000e+02,5.199999999999999761e-02,5.000000000000004441e-03
8.350000000000000000e+02,5.299999999999999850e-02,3.666666666666665297e-03
8.400000000000000000e+02,5.500000000000000028e-02,5.166666666666666630e-03
8.450000000000000000e+02,5.500000000000000028e-02,4.333333333333334869e-03
8.500000000000000000e+02,5.600000000000000117e-02,4.500000000000003997e-03
8.550000000000000000e+02,5.700000000000000205e-02,5.000000000000004441e-03
8.600000000000000000e+02,5.800000000000000294e-02,4.500000000000003997e-03
8.650000000000000000e+02,5.999999999999999778e-02,4.499999999999997058e-03
8.700000000000000000e+02,6.300000000000000044e-02,4.500000000000003997e-03
8.750000000000000000e+02,6.600000000000000311e-02,4.833333333333335313e-03
8.800000000000000000e+02,6.500000000000000222e-02,4.666666666666673124e-03
8.850000000000000000e+02,6.400000000000000133e-02,4.500000000000003997e-03
8.900000000000000000e+02,6.400000000000000133e-02,4.833333333333335313e-03
8.950000000000000000e+02,6.500000000000000222e-02,5.000000000000004441e-03
9.000000000000000000e+02,6.600000000000000311e-02,4.833333333333335313e-03
9.050000000000000000e+02,6.700000000000000400e-02,4.333333333333341808e-03
9.100000000000000000e+02,6.900000000000000577e-02,3.833333333333341364e-03
9.150000000000000000e+02,7.199999999999999456e-02,3.833333333333327486e-03
9.200000000000000000e+02,7.599999999999999811e-02,4.166666666666665741e-03
9.250000000000000000e+02,8.300000000000000433e-02,4.000000000000003553e-03
9.300000000000000000e+02,9.199999999999999845e-02,3.666666666666679175e-03
9.350000000000000000e+02,1.029999999999999943e-01,2.000000000000001776e-03
9.400000000000000000e+02,1.150000000000000050e-01,1.166666666666663077e-03
9.450000000000000000e+02,1.340000000000000080e-01,8.333333333333248216e-04
9.500000000000000000e+02,1.590000000000000024e-01,-8.333333333333525772e-04
9.550000000000000000e+02,1.900000000000000022e-01,-2.166666666666677843e-03
9.600000000000000000e+02,2.159999999999999976e-01,-3.166666666666650976e-03
9.650000000000000000e+02,2.260000000000000064e-01,-4.000000000000003553e-03
9.700000000000000000e+02,2.310000000000000109e-01,-3.999999999999975797e-03
9.750000000000000000e+02,2.340000000000000135e-01,-3.666666666666651420e-03
9.800000000000000000e+02,2.330000000000000127e-01,-3.999999999999948042e-03
9.850000000000000000e+02,2.290000000000000091e-01,-3.833333333333327486e-03
9.900000000000000000e+02,2.220000000000000029e-01,-2.166666666666705598e-03
9.950000000000000000e+02,2.169999999999999984e-01,-2.833333333333326598e-03
