wavelength,absorbance,subtracted_absorbance
3.000000000000000000e+02,6.660000000000000364e-01,9.166666666666545282e-03
3.050000000000000000e+02,5.320000000000000284e-01,1.816666666666677532e-02
3.100000000000000000e+02,4.729999999999999760e-01,2.066666666666666652e-02
3.150000000000000000e+02,4.359999999999999987e-01,2.233333333333337167e-02
3.200000000000000000e+02,3.980000000000000204e-01,2.266666666666672381e-02
3.250000000000000000e+02,3.659999999999999920e-01,2.250000000000007550e-02
3.300000000000000000e+02,3.400000000000000244e-01,2.366666666666666918e-02
3.350000000000000000e+02,3.119999999999999996e-01,2.383333333333337301e-02
3.400000000000000000e+02,2.899999999999999800e-01,2.483333333333326287e-02
3.450000000000000000e+02,2.750000000000000222e-01,2.600000000000005085e-02
3.500000000000000000e+02,2.650000000000000133e-01,2.683333333333337567e-02
3.550000000000000000e+02,2.560000000000000053e-01,2.800000000000002487e-02
3.600000000000000000e+02,2.409999999999999920e-01,2.766666666666664498e-02
3.650000000000000000e+02,2.159999999999999976e-01,2.666666666666667185e-02
3.700000000000000000e+02,1.549999999999999989e-01,1.783333333333331217e-02
3.750000000000000000e+02,9.500000000000000111e-02,7.000000000000020095e-03
3.800000000000000000e+02,7.199999999999999456e-02,3.166666666666650976e-03
3.850000000000000000e+02,6.300000000000000044e-02,3.166666666666671792e-03
3.900000000000000000e+02,5.899999999999999689e-02,3.499999999999996170e-03
3.950000000000000000e+02,5.600000000000000117e-02,3.166666666666664853e-03
4.000000000000000000e+02,5.399999999999999939e-02,3.166666666666664853e-03
4.050000000000000000e+02,5.199999999999999761e-02,2.833333333333333537e-03
4.100000000000000000e+02,5.099999999999999672e-02,2.833333333333333537e-03
4.150000000000000000e+02,5.000000000000000278e-02,2.833333333333340476e-03
4.200000000000000000e+02,4.800000000000000100e-02,2.000000000000008715e-03
4.250000000000000000e+02,4.700000000000000011e-02,1.500000000000008271e-03
4.300000000000000000e+02,4.599999999999999922e-02,1.500000000000008271e-03
4.350000000000000000e+02,4.499999999999999833e-02,1.333333333333339144e-03
4.400000000000000000e+02,4.399999999999999745e-02,8.333333333333317605e-04
4.450000000000000000e+02,4.299999999999999656e-02,6.666666666666626329e-04
4.500000000000000000e+02,4.299999999999999656e-02,9.999999999999939493e-04
4.550000000000000000e+02,4.299999999999999656e-02,1.499999999999994393e-03
4.600000000000000000e+02,4.299999999999999656e-02,1.999999999999994837e-03
4.650000000000000000e+02,4.299999999999999656e-02,2.666666666666657470e-03
4.700000000000000000e+02,4.299999999999999656e-02,2.999999999999995726e-03
4.750000000000000000e+02,4.299999999999999656e-02,3.333333333333327042e-03
4.800000000000000000e+02,4.299999999999999656e-02,3.666666666666658358e-03
4.850000000000000000e+02,4.299999999999999656e-02,3.833333333333327486e-03
4.900000000000000000e+02,4.299999999999999656e-02,4.166666666666658803e-03
4.950000000000000000e+02,4.299999999999999656e-02,4.333333333333327930e-03
5.000000000000000000e+02,4.299999999999999656e-02,4.333333333333327930e-03
5.050000000000000000e+02,4.200000000000000261e-02,3.666666666666665297e-03
5.100000000000000000e+02,4.299999999999999656e-02,4.666666666666659247e-03
5.150000000000000000e+02,4.200000000000000261e-02,3.500000000000003109e-03
5.200000000000000000e+02,4.200000000000000261e-02,3.500000000000003109e-03
5.250000000000000000e+02,4.200000000000000261e-02,3.666666666666665297e-03
5.300000000000000000e+02,4.200000000000000261e-02,3.500000000000003109e-03
5.350000000000000000e+02,4.100000000000000172e-02,2.333333333333333093e-03
5.400000000000000000e+02,4.100000000000000172e-02,2.166666666666663965e-03
5.450000000000000000e+02,4.100000000000000172e-02,2.166666666666663965e-03
5.500000000000000000e+02,4.100000000000000172e-02,2.166666666666663965e-03
5.550000000000000000e+02,4.000000000000000083e-02,1.000000000000000888e-03
5.600000000000000000e+02,4.000000000000000083e-02,1.166666666666663077e-03
5.650000000000000000e+02,4.000000000000000083e-02,8.333333333333317605e-04
5.700000000000000000e+02,4.000000000000000083e-02,8.333333333333317605e-04
5.750000000000000000e+02,3.899999999999999994e-02,-1.666666666666691277e-04
5.800000000000000000e+02,3.899999999999999994e-02,-1.666666666666691277e-04
5.850000000000000000e+02,3.899999999999999994e-02,-1.666666666666691277e-04
5.900000000000000000e+02,3.899999999999999994e-02,-6.666666666666695718e-04
5.950000000000000000e+02,3.899999999999999994e-02,-5.000000000000004441e-04
6.000000000000000000e+02,3.899999999999999994e-02,-8.333333333333386994e-04
6.050000000000000000e+02,3.899999999999999994e-02,-8.333333333333386994e-04
6.100000000000000000e+02,3.899999999999999994e-02,-8.333333333333386994e-04
6.150000000000000000e+02,3.899999999999999994e-02,-5.000000000000004441e-04
6.200000000000000000e+02,3.899999999999999994e-02,-3.333333333333382553e-04
6.250000000000000000e+02,3.799999999999999906e-02,-1.333333333333339144e-03
6.300000000000000000e+02,3.799999999999999906e-02,-1.166666666666670016e-03
6.350000000000000000e+02,3.799999999999999906e-02,-1.166666666666670016e-03
6.400000000000000000e+02,3.799999999999999906e-02,-8.333333333333386994e-04
6.450000000000000000e+02,3.899999999999999994e-02,1.666666666666621888e-04
6.500000000000000000e+02,3.799999999999999906e-02,-6.666666666666695718e-04
6.550000000000000000e+02,3.899999999999999994e-02,3.333333333333313164e-04
6.600000000000000000e+02,3.899999999999999994e-02,1.666666666666621888e-04
6.650000000000000000e+02,3.899999999999999994e-02,3.333333333333313164e-04
6.700000000000000000e+02,3.899999999999999994e-02,5.000000000000004441e-04
6.750000000000000000e+02,3.899999999999999994e-02,5.000000000000004441e-04
6.800000000000000000e+02,4.000000000000000083e-02,1.666666666666663521e-03
6.850000000000000000e+02,4.000000000000000083e-02,1.666666666666663521e-03
6.900000000000000000e+02,4.000000000000000083e-02,1.833333333333332649e-03
6.950000000000000000e+02,4.000000000000000083e-02,1.666666666666663521e-03
7.000000000000000000e+02,4.000000000000000083e-02,1.500000000000001332e-03
7.050000000000000000e+02,4.100000000000000172e-02,1.666666666666663521e-03
7.100000000000000000e+02,4.299999999999999656e-02,2.333333333333333093e-03
7.150000000000000000e+02,4.399999999999999745e-02,2.333333333333333093e-03
7.200000000000000000e+02,4.499999999999999833e-02,3.166666666666664853e-03
7.250000000000000000e+02,4.599999999999999922e-02,3.333333333333333981e-03
7.300000000000000000e+02,4.800000000000000100e-02,3.500000000000010048e-03
7.350000000000000000e+02,5.000000000000000278e-02,3.500000000000010048e-03
7.400000000000000000e+02,5.099999999999999672e-02,4.000000000000003553e-03
7.450000000000000000e+02,5.099999999999999672e-02,3.833333333333334425e-03
7.500000000000000000e+02,5.099999999999999672e-02,3.833333333333334425e-03
7.550000000000000000e+02,5.099999999999999672e-02,3.833333333333334425e-03
7.600000000000000000e+02,5.099999999999999672e-02,3.833333333333334425e-03
7.650000000000000000e+02,5.099999999999999672e-02,4.166666666666665741e-03
7.700000000000000000e+02,5.099999999999999672e-02,4.500000000000003997e-03
7.750000000000000000e+02,5.099999999999999672e-02,4.833333333333335313e-03
7.800000000000000000e+02,5.099999999999999672e-02,5.500000000000004885e-03
7.850000000000000000e+02,5.000000000000000278e-02,4.833333333333342252e-03
7.900000000000000000e+02,5.000000000000000278e-02,5.666666666666674013e-03
7.950000000000000000e+02,4.900000000000000189e-02,5.000000000000011380e-03
8.000000000000000000e+02,4.900000000000000189e-02,5.833333333333336201e-03
8.050000000000000000e+02,4.800000000000000100e-02,4.833333333333335313e-03
8.100000000000000000e+02,4.900000000000000189e-02,5.999999999999998390e-03
8.150000000000000000e+02,4.800000000000000100e-02,4.833333333333335313e-03
8.200000000000000000e+02,5.000000000000000278e-02,6.166666666666674457e-03
8.250000000000000000e+02,5.000000000000000278e-02,5.333333333333342696e-03
8.300000000000000000e+02,5.199999999999999761e-02,5.000000000000004441e-03
8.350000000000000000e+02,5.399999999999999939e-02,4.666666666666666186e-03
8.400000000000000000e+02,5.500000000000000028e-02,5.166666666666666630e-03
8.450000000000000000e+02,5.600000000000000117e-02,5.333333333333335757e-03
8.500000000000000000e+02,5.600000000000000117e-02,4.500000000000003997e-03
8.550000000000000000e+02,5.700000000000000205e-02,5.000000000000004441e-03
8.600000000000000000e+02,5.800000000000000294e-02,4.500000000000003997e-03
8.650000000000000000e+02,5.999999999999999778e-02,4.499999999999997058e-03
8.700000000000000000e+02,6.199999999999999956e-02,3.500000000000003109e-03
8.750000000000000000e+02,6.500000000000000222e-02,3.833333333333334425e-03
8.800000000000000000e+02,6.500000000000000222e-02,4.666666666666673124e-03
8.850000000000000000e+02,6.300000000000000044e-02,3.500000000000003109e-03
8.900000000000000000e+02,6.300000000000000044e-02,3.833333333333334425e-03
8.950000000000000000e+02,6.400000000000000133e-02,4.000000000000003553e-03
9.000000000000000000e+02,6.500000000000000222e-02,3.833333333333334425e-03
9.050000000000000000e+02,6.500000000000000222e-02,2.333333333333340032e-03
9.100000000000000000e+02,6.800000000000000488e-02,2.833333333333340476e-03
9.150000000000000000e+02,7.099999999999999367e-02,2.833333333333326598e-03
9.200000000000000000e+02,7.399999999999999634e-02,2.166666666666663965e-03
9.250000000000000000e+02,8.100000000000000255e-02,2.000000000000001776e-03
9.300000000000000000e+02,8.999999999999999667e-02,1.666666666666677399e-03
9.350000000000000000e+02,1.019999999999999934e-01,1.000000000000000888e-03
9.400000000000000000e+02,1.140000000000000041e-01,1.666666666666621888e-04
9.450000000000000000e+02,1.330000000000000071e-01,-1.666666666666760666e-04
9.500000000000000000e+02,1.580000000000000016e-01,-1.833333333333353465e-03
9.550000000000000000e+02,1.890000000000000013e-01,-3.166666666666678731e-03
9.600000000000000000e+02,2.149999999999999967e-01,-4.166666666666651864e-03
9.650000000000000000e+02,2.250000000000000056e-01,-5.000000000000004441e-03
9.700000000000000000e+02,2.290000000000000091e-01,-5.999999999999977573e-03
9.750000000000000000e+02,2.310000000000000109e-01,-6.666666666666654084e-03
9.800000000000000000e+02,2.300000000000000100e-01,-6.999999999999950706e-03
9.850000000000000000e+02,2.250000000000000056e-01,-7.833333333333331039e-03
9.900000000000000000e+02,2.169999999999999984e-01,-7.166666666666710039e-03
9.950000000000000000e+02,2.119999999999999940e-01,-7.833333333333331039e-03
