wavelength,absorbance,subtracted_absorbance
3.000000000000000000e+02,7.740000000000000213e-01,1.171666666666665302e-01
3.050000000000000000e+02,6.149999999999999911e-01,1.011666666666667380e-01
3.100000000000000000e+02,5.450000000000000400e-01,9.266666666666673047e-02
3.150000000000000000e+02,4.979999999999999982e-01,8.433333333333337123e-02
3.200000000000000000e+02,4.500000000000000111e-01,7.466666666666671448e-02
3.250000000000000000e+02,4.109999999999999765e-01,6.750000000000005995e-02
3.300000000000000000e+02,3.760000000000000009e-01,5.966666666666664565e-02
3.350000000000000000e+02,3.410000000000000253e-01,5.283333333333339876e-02
3.400000000000000000e+02,3.109999999999999987e-01,4.583333333333328152e-02
3.450000000000000000e+02,2.889999999999999791e-01,4.000000000000000777e-02
3.500000000000000000e+02,2.740000000000000213e-01,3.583333333333338366e-02
3.550000000000000000e+02,2.600000000000000089e-01,3.200000000000002842e-02
3.600000000000000000e+02,2.419999999999999929e-01,2.866666666666664587e-02
3.650000000000000000e+02,2.149999999999999967e-01,2.566666666666667096e-02
3.700000000000000000e+02,1.620000000000000051e-01,2.483333333333331838e-02
3.750000000000000000e+02,1.160000000000000059e-01,2.800000000000002487e-02
3.800000000000000000e+02,9.600000000000000200e-02,2.716666666666665841e-02
3.850000000000000000e+02,8.599999999999999312e-02,2.616666666666666446e-02
3.900000000000000000e+02,8.000000000000000167e-02,2.450000000000000094e-02
3.950000000000000000e+02,7.599999999999999811e-02,2.316666666666666180e-02
4.000000000000000000e+02,7.199999999999999456e-02,2.116666666666666002e-02
4.050000000000000000e+02,7.000000000000000666e-02,2.083333333333334259e-02
4.100000000000000000e+02,6.700000000000000400e-02,1.883333333333334081e-02
4.150000000000000000e+02,6.500000000000000222e-02,1.783333333333333992e-02
4.200000000000000000e+02,6.300000000000000044e-02,1.700000000000000816e-02
4.250000000000000000e+02,6.199999999999999956e-02,1.650000000000000772e-02
4.300000000000000000e+02,5.999999999999999778e-02,1.550000000000000683e-02
4.350000000000000000e+02,5.899999999999999689e-02,1.533333333333333770e-02
4.400000000000000000e+02,5.899999999999999689e-02,1.583333333333333121e-02
4.450000000000000000e+02,5.800000000000000294e-02,1.566666666666666902e-02
4.500000000000000000e+02,5.800000000000000294e-02,1.600000000000000033e-02
4.550000000000000000e+02,5.800000000000000294e-02,1.650000000000000078e-02
4.600000000000000000e+02,5.800000000000000294e-02,1.700000000000000122e-02
4.650000000000000000e+02,5.700000000000000205e-02,1.666666666666666297e-02
4.700000000000000000e+02,5.700000000000000205e-02,1.700000000000000122e-02
4.750000000000000000e+02,5.700000000000000205e-02,1.733333333333333254e-02
4.800000000000000000e+02,5.800000000000000294e-02,1.866666666666666474e-02
4.850000000000000000e+02,5.700000000000000205e-02,1.783333333333333298e-02
4.900000000000000000e+02,5.800000000000000294e-02,1.916666666666666519e-02
4.950000000000000000e+02,5.800000000000000294e-02,1.933333333333333431e-02
5.000000000000000000e+02,5.899999999999999689e-02,2.033333333333332826e-02
5.050000000000000000e+02,5.999999999999999778e-02,2.166666666666666047e-02
5.100000000000000000e+02,5.999999999999999778e-02,2.166666666666666047e-02
5.150000000000000000e+02,6.099999999999999867e-02,2.249999999999999917e-02
5.200000000000000000e+02,6.099999999999999867e-02,2.249999999999999917e-02
5.250000000000000000e+02,6.099999999999999867e-02,2.266666666666666136e-02
5.300000000000000000e+02,6.099999999999999867e-02,2.249999999999999917e-02
5.350000000000000000e+02,6.099999999999999867e-02,2.233333333333333004e-02
5.400000000000000000e+02,5.999999999999999778e-02,2.116666666666666002e-02
5.450000000000000000e+02,5.999999999999999778e-02,2.116666666666666002e-02
5.500000000000000000e+02,5.899999999999999689e-02,2.016666666666665914e-02
5.550000000000000000e+02,5.700000000000000205e-02,1.800000000000000211e-02
5.600000000000000000e+02,5.600000000000000117e-02,1.716666666666666341e-02
5.650000000000000000e+02,5.399999999999999939e-02,1.483333333333333032e-02
5.700000000000000000e+02,5.299999999999999850e-02,1.383333333333332943e-02
5.750000000000000000e+02,5.099999999999999672e-02,1.183333333333332765e-02
5.800000000000000000e+02,5.000000000000000278e-02,1.083333333333333370e-02
5.850000000000000000e+02,4.900000000000000189e-02,9.833333333333332815e-03
5.900000000000000000e+02,4.800000000000000100e-02,8.333333333333331483e-03
5.950000000000000000e+02,4.700000000000000011e-02,7.499999999999999722e-03
6.000000000000000000e+02,4.700000000000000011e-02,7.166666666666661467e-03
6.050000000000000000e+02,4.599999999999999922e-02,6.166666666666660579e-03
6.100000000000000000e+02,4.499999999999999833e-02,5.166666666666659691e-03
6.150000000000000000e+02,4.499999999999999833e-02,5.499999999999997946e-03
6.200000000000000000e+02,4.399999999999999745e-02,4.666666666666659247e-03
6.250000000000000000e+02,4.399999999999999745e-02,4.666666666666659247e-03
6.300000000000000000e+02,4.299999999999999656e-02,3.833333333333327486e-03
6.350000000000000000e+02,4.299999999999999656e-02,3.833333333333327486e-03
6.400000000000000000e+02,4.299999999999999656e-02,4.166666666666658803e-03
6.450000000000000000e+02,4.299999999999999656e-02,4.166666666666658803e-03
6.500000000000000000e+02,4.200000000000000261e-02,3.333333333333333981e-03
6.550000000000000000e+02,4.200000000000000261e-02,3.333333333333333981e-03
6.600000000000000000e+02,4.200000000000000261e-02,3.166666666666664853e-03
6.650000000000000000e+02,4.200000000000000261e-02,3.333333333333333981e-03
6.700000000000000000e+02,4.200000000000000261e-02,3.500000000000003109e-03
6.750000000000000000e+02,4.200000000000000261e-02,3.500000000000003109e-03
6.800000000000000000e+02,4.200000000000000261e-02,3.666666666666665297e-03
6.850000000000000000e+02,4.200000000000000261e-02,3.666666666666665297e-03
6.900000000000000000e+02,4.200000000000000261e-02,3.833333333333334425e-03
6.950000000000000000e+02,4.200000000000000261e-02,3.666666666666665297e-03
7.000000000000000000e+02,4.200000000000000261e-02,3.500000000000003109e-03
7.050000000000000000e+02,4.299999999999999656e-02,3.666666666666658358e-03
7.100000000000000000e+02,4.499999999999999833e-02,4.333333333333334869e-03
7.150000000000000000e+02,4.599999999999999922e-02,4.333333333333334869e-03
7.200000000000000000e+02,4.700000000000000011e-02,5.166666666666666630e-03
7.250000000000000000e+02,4.800000000000000100e-02,5.333333333333335757e-03
7.300000000000000000e+02,4.900000000000000189e-02,4.500000000000010936e-03
7.350000000000000000e+02,5.099999999999999672e-02,4.500000000000003997e-03
7.400000000000000000e+02,5.099999999999999672e-02,4.000000000000003553e-03
7.450000000000000000e+02,5.199999999999999761e-02,4.833333333333335313e-03
7.500000000000000000e+02,5.199999999999999761e-02,4.833333333333335313e-03
7.550000000000000000e+02,5.099999999999999672e-02,3.833333333333334425e-03
7.600000000000000000e+02,5.099999999999999672e-02,3.833333333333334425e-03
7.650000000000000000e+02,5.099999999999999672e-02,4.166666666666665741e-03
7.700000000000000000e+02,5.099999999999999672e-02,4.500000000000003997e-03
7.750000000000000000e+02,5.000000000000000278e-02,3.833333333333341364e-03
7.800000000000000000e+02,5.000000000000000278e-02,4.500000000000010936e-03
7.850000000000000000e+02,4.900000000000000189e-02,3.833333333333341364e-03
7.900000000000000000e+02,4.900000000000000189e-02,4.666666666666673124e-03
7.950000000000000000e+02,4.800000000000000100e-02,4.000000000000010492e-03
8.000000000000000000e+02,4.700000000000000011e-02,3.833333333333334425e-03
8.050000000000000000e+02,4.700000000000000011e-02,3.833333333333334425e-03
8.100000000000000000e+02,4.700000000000000011e-02,3.999999999999996614e-03
8.150000000000000000e+02,4.700000000000000011e-02,3.833333333333334425e-03
8.200000000000000000e+02,4.800000000000000100e-02,4.166666666666672680e-03
8.250000000000000000e+02,4.800000000000000100e-02,3.333333333333340920e-03
8.300000000000000000e+02,5.000000000000000278e-02,3.000000000000009603e-03
8.350000000000000000e+02,5.199999999999999761e-02,2.666666666666664409e-03
8.400000000000000000e+02,5.299999999999999850e-02,3.166666666666664853e-03
8.450000000000000000e+02,5.399999999999999939e-02,3.333333333333333981e-03
8.500000000000000000e+02,5.399999999999999939e-02,2.500000000000002220e-03
8.550000000000000000e+02,5.500000000000000028e-02,3.000000000000002665e-03
8.600000000000000000e+02,5.600000000000000117e-02,2.500000000000002220e-03
8.650000000000000000e+02,5.800000000000000294e-02,2.500000000000002220e-03
8.700000000000000000e+02,6.099999999999999867e-02,2.500000000000002220e-03
8.750000000000000000e+02,6.500000000000000222e-02,3.833333333333334425e-03
8.800000000000000000e+02,6.400000000000000133e-02,3.666666666666672236e-03
8.850000000000000000e+02,6.199999999999999956e-02,2.500000000000002220e-03
8.900000000000000000e+02,6.099999999999999867e-02,1.833333333333332649e-03
8.950000000000000000e+02,6.199999999999999956e-02,2.000000000000001776e-03
9.000000000000000000e+02,6.300000000000000044e-02,1.833333333333332649e-03
9.050000000000000000e+02,6.500000000000000222e-02,2.333333333333340032e-03
9.100000000000000000e+02,6.700000000000000400e-02,1.833333333333339588e-03
9.150000000000000000e+02,7.000000000000000666e-02,1.833333333333339588e-03
9.200000000000000000e+02,7.399999999999999634e-02,2.166666666666663965e-03
9.250000000000000000e+02,8.000000000000000167e-02,1.000000000000000888e-03
9.300000000000000000e+02,8.899999999999999578e-02,6.666666666666765106e-04
9.350000000000000000e+02,1.010000000000000064e-01,1.387778780781445676e-17
9.400000000000000000e+02,1.130000000000000032e-01,-8.333333333333386994e-04
9.450000000000000000e+02,1.320000000000000062e-01,-1.166666666666676955e-03
9.500000000000000000e+02,1.580000000000000016e-01,-1.833333333333353465e-03
9.550000000000000000e+02,1.900000000000000022e-01,-2.166666666666677843e-03
9.600000000000000000e+02,2.149999999999999967e-01,-4.166666666666651864e-03
9.650000000000000000e+02,2.260000000000000064e-01,-4.000000000000003553e-03
9.700000000000000000e+02,2.310000000000000109e-01,-3.999999999999975797e-03
9.750000000000000000e+02,2.330000000000000127e-01,-4.666666666666652308e-03
9.800000000000000000e+02,2.330000000000000127e-01,-3.999999999999948042e-03
9.850000000000000000e+02,2.290000000000000091e-01,-3.833333333333327486e-03
9.900000000000000000e+02,2.210000000000000020e-01,-3.166666666666706487e-03
9.950000000000000000e+02,2.169999999999999984e-01,-2.833333333333326598e-03
