wavelength,absorbance,subtracted_absorbance
3.000000000000000000e+02,6.520000000000000240e-01,-4.833333333333467152e-03
3.050000000000000000e+02,5.180000000000000160e-01,4.166666666666762886e-03
3.100000000000000000e+02,4.580000000000000182e-01,5.666666666666708707e-03
3.150000000000000000e+02,4.199999999999999845e-01,6.333333333333357462e-03
3.200000000000000000e+02,3.820000000000000062e-01,6.666666666666709595e-03
3.250000000000000000e+02,3.509999999999999787e-01,7.500000000000062172e-03
3.300000000000000000e+02,3.260000000000000120e-01,9.666666666666656749e-03
3.350000000000000000e+02,2.969999999999999862e-01,8.833333333333359683e-03
3.400000000000000000e+02,2.750000000000000222e-01,9.833333333333305060e-03
3.450000000000000000e+02,2.600000000000000089e-01,1.100000000000003753e-02
3.500000000000000000e+02,2.489999999999999991e-01,1.083333333333336146e-02
3.550000000000000000e+02,2.389999999999999902e-01,1.100000000000000977e-02
3.600000000000000000e+02,2.250000000000000056e-01,1.166666666666665853e-02
3.650000000000000000e+02,2.000000000000000111e-01,1.066666666666668539e-02
3.700000000000000000e+02,1.459999999999999909e-01,8.833333333333304171e-03
3.750000000000000000e+02,8.999999999999999667e-02,2.000000000000015654e-03
3.800000000000000000e+02,7.000000000000000666e-02,1.166666666666663077e-03
3.850000000000000000e+02,5.999999999999999778e-02,1.666666666666691277e-04
3.900000000000000000e+02,5.600000000000000117e-02,5.000000000000004441e-04
3.950000000000000000e+02,5.299999999999999850e-02,1.666666666666621888e-04
4.000000000000000000e+02,5.099999999999999672e-02,1.666666666666621888e-04
4.050000000000000000e+02,5.000000000000000278e-02,8.333333333333386994e-04
4.100000000000000000e+02,4.900000000000000189e-02,8.333333333333386994e-04
4.150000000000000000e+02,4.800000000000000100e-02,8.333333333333386994e-04
4.200000000000000000e+02,4.700000000000000011e-02,1.000000000000007827e-03
4.250000000000000000e+02,4.599999999999999922e-02,5.000000000000073830e-04
4.300000000000000000e+02,4.599999999999999922e-02,1.500000000000008271e-03
4.350000000000000000e+02,4.499999999999999833e-02,1.333333333333339144e-03
4.400000000000000000e+02,4.399999999999999745e-02,8.333333333333317605e-04
4.450000000000000000e+02,4.399999999999999745e-02,1.666666666666663521e-03
4.500000000000000000e+02,4.399999999999999745e-02,1.999999999999994837e-03
4.550000000000000000e+02,4.299999999999999656e-02,1.499999999999994393e-03
4.600000000000000000e+02,4.299999999999999656e-02,1.999999999999994837e-03
4.650000000000000000e+02,4.299999999999999656e-02,2.666666666666657470e-03
4.700000000000000000e+02,4.200000000000000261e-02,2.000000000000001776e-03
4.750000000000000000e+02,4.200000000000000261e-02,2.333333333333333093e-03
4.800000000000000000e+02,4.200000000000000261e-02,2.666666666666664409e-03
4.850000000000000000e+02,4.100000000000000172e-02,1.833333333333332649e-03
4.900000000000000000e+02,4.100000000000000172e-02,2.166666666666663965e-03
4.950000000000000000e+02,4.100000000000000172e-02,2.333333333333333093e-03
5.000000000000000000e+02,4.100000000000000172e-02,2.333333333333333093e-03
5.050000000000000000e+02,4.100000000000000172e-02,2.666666666666664409e-03
5.100000000000000000e+02,4.100000000000000172e-02,2.666666666666664409e-03
5.150000000000000000e+02,4.000000000000000083e-02,1.500000000000001332e-03
5.200000000000000000e+02,4.000000000000000083e-02,1.500000000000001332e-03
5.250000000000000000e+02,4.000000000000000083e-02,1.666666666666663521e-03
5.300000000000000000e+02,4.000000000000000083e-02,1.500000000000001332e-03
5.350000000000000000e+02,4.000000000000000083e-02,1.333333333333332205e-03
5.400000000000000000e+02,4.000000000000000083e-02,1.166666666666663077e-03
5.450000000000000000e+02,4.000000000000000083e-02,1.166666666666663077e-03
5.500000000000000000e+02,4.000000000000000083e-02,1.166666666666663077e-03
5.550000000000000000e+02,4.000000000000000083e-02,1.000000000000000888e-03
5.600000000000000000e+02,4.000000000000000083e-02,1.166666666666663077e-03
5.650000000000000000e+02,4.000000000000000083e-02,8.333333333333317605e-04
5.700000000000000000e+02,4.000000000000000083e-02,8.333333333333317605e-04
5.750000000000000000e+02,4.000000000000000083e-02,8.333333333333317605e-04
5.800000000000000000e+02,4.000000000000000083e-02,8.333333333333317605e-04
5.850000000000000000e+02,4.000000000000000083e-02,8.333333333333317605e-04
5.900000000000000000e+02,4.000000000000000083e-02,3.333333333333313164e-04
5.950000000000000000e+02,4.000000000000000083e-02,5.000000000000004441e-04
6.000000000000000000e+02,4.000000000000000083e-02,1.666666666666621888e-04
6.050000000000000000e+02,4.000000000000000083e-02,1.666666666666621888e-04
6.100000000000000000e+02,4.000000000000000083e-02,1.666666666666621888e-04
6.150000000000000000e+02,4.000000000000000083e-02,5.000000000000004441e-04
6.200000000000000000e+02,4.000000000000000083e-02,6.666666666666626329e-04
6.250000000000000000e+02,4.000000000000000083e-02,6.666666666666626329e-04
6.300000000000000000e+02,3.899999999999999994e-02,-1.666666666666691277e-04
6.350000000000000000e+02,3.899999999999999994e-02,-1.666666666666691277e-04
6.400000000000000000e+02,3.899999999999999994e-02,1.666666666666621888e-04
6.450000000000000000e+02,3.899999999999999994e-02,1.666666666666621888e-04
6.500000000000000000e+02,3.899999999999999994e-02,3.333333333333313164e-04
6.550000000000000000e+02,3.899999999999999994e-02,3.333333333333313164e-04
6.600000000000000000e+02,3.899999999999999994e-02,1.666666666666621888e-04
6.650000000000000000e+02,3.899999999999999994e-02,3.333333333333313164e-04
6.700000000000000000e+02,3.899999999999999994e-02,5.000000000000004441e-04
6.750000000000000000e+02,3.899999999999999994e-02,5.000000000000004441e-04
6.800000000000000000e+02,3.899999999999999994e-02,6.666666666666626329e-04
6.850000000000000000e+02,3.899999999999999994e-02,6.666666666666626329e-04
6.900000000000000000e+02,3.899999999999999994e-02,8.333333333333317605e-04
6.950000000000000000e+02,3.899999999999999994e-02,6.666666666666626329e-04
7.000000000000000000e+02,3.899999999999999994e-02,5.000000000000004441e-04
7.050000000000000000e+02,4.000000000000000083e-02,6.666666666666626329e-04
7.100000000000000000e+02,4.100000000000000172e-02,3.333333333333382553e-04
7.150000000000000000e+02,4.200000000000000261e-02,3.333333333333382553e-04
7.200000000000000000e+02,4.299999999999999656e-02,1.166666666666663077e-03
7.250000000000000000e+02,4.399999999999999745e-02,1.333333333333332205e-03
7.300000000000000000e+02,4.499999999999999833e-02,5.000000000000073830e-04
7.350000000000000000e+02,4.700000000000000011e-02,5.000000000000073830e-04
7.400000000000000000e+02,4.800000000000000100e-02,1.000000000000007827e-03
7.450000000000000000e+02,4.800000000000000100e-02,8.333333333333386994e-04
7.500000000000000000e+02,4.800000000000000100e-02,8.333333333333386994e-04
7.550000000000000000e+02,4.800000000000000100e-02,8.333333333333386994e-04
7.600000000000000000e+02,4.800000000000000100e-02,8.333333333333386994e-04
7.650000000000000000e+02,4.800000000000000100e-02,1.166666666666670016e-03
7.700000000000000000e+02,4.800000000000000100e-02,1.500000000000008271e-03
7.750000000000000000e+02,4.700000000000000011e-02,8.333333333333386994e-04
7.800000000000000000e+02,4.700000000000000011e-02,1.500000000000008271e-03
7.850000000000000000e+02,4.599999999999999922e-02,8.333333333333386994e-04
7.900000000000000000e+02,4.599999999999999922e-02,1.666666666666670460e-03
7.950000000000000000e+02,4.499999999999999833e-02,1.000000000000007827e-03
8.000000000000000000e+02,4.499999999999999833e-02,1.833333333333332649e-03
8.050000000000000000e+02,4.499999999999999833e-02,1.833333333333332649e-03
8.100000000000000000e+02,4.499999999999999833e-02,1.999999999999994837e-03
8.150000000000000000e+02,4.499999999999999833e-02,1.833333333333332649e-03
8.200000000000000000e+02,4.599999999999999922e-02,2.166666666666670904e-03
8.250000000000000000e+02,4.599999999999999922e-02,1.333333333333339144e-03
8.300000000000000000e+02,4.900000000000000189e-02,2.000000000000008715e-03
8.350000000000000000e+02,5.000000000000000278e-02,6.666666666666695718e-04
8.400000000000000000e+02,5.099999999999999672e-02,1.166666666666663077e-03
8.450000000000000000e+02,5.199999999999999761e-02,1.333333333333332205e-03
8.500000000000000000e+02,5.299999999999999850e-02,1.500000000000001332e-03
8.550000000000000000e+02,5.299999999999999850e-02,1.000000000000000888e-03
8.600000000000000000e+02,5.500000000000000028e-02,1.500000000000001332e-03
8.650000000000000000e+02,5.600000000000000117e-02,5.000000000000004441e-04
8.700000000000000000e+02,5.999999999999999778e-02,1.500000000000001332e-03
8.750000000000000000e+02,6.199999999999999956e-02,8.333333333333317605e-04
8.800000000000000000e+02,6.199999999999999956e-02,1.666666666666670460e-03
8.850000000000000000e+02,5.999999999999999778e-02,5.000000000000004441e-04
8.900000000000000000e+02,5.999999999999999778e-02,8.333333333333317605e-04
8.950000000000000000e+02,6.099999999999999867e-02,1.000000000000000888e-03
9.000000000000000000e+02,6.199999999999999956e-02,8.333333333333317605e-04
9.050000000000000000e+02,6.300000000000000044e-02,3.333333333333382553e-04
9.100000000000000000e+02,6.600000000000000311e-02,8.333333333333386994e-04
9.150000000000000000e+02,6.900000000000000577e-02,8.333333333333386994e-04
9.200000000000000000e+02,7.199999999999999456e-02,1.666666666666621888e-04
9.250000000000000000e+02,7.799999999999999989e-02,-1.000000000000000888e-03
9.300000000000000000e+02,8.699999999999999400e-02,-1.333333333333325266e-03
9.350000000000000000e+02,9.800000000000000377e-02,-2.999999999999988787e-03
9.400000000000000000e+02,1.100000000000000006e-01,-3.833333333333341364e-03
9.450000000000000000e+02,1.280000000000000027e-01,-5.166666666666680507e-03
9.500000000000000000e+02,1.519999999999999962e-01,-7.833333333333358794e-03
9.550000000000000000e+02,1.819999999999999951e-01,-1.016666666666668495e-02
9.600000000000000000e+02,2.059999999999999887e-01,-1.316666666666665986e-02
9.650000000000000000e+02,2.159999999999999976e-01,-1.400000000000001243e-02
9.700000000000000000e+02,2.210000000000000020e-01,-1.399999999999998468e-02
9.750000000000000000e+02,2.240000000000000047e-01,-1.366666666666666030e-02
9.800000000000000000e+02,2.230000000000000038e-01,-1.399999999999995692e-02
9.850000000000000000e+02,2.190000000000000002e-01,-1.383333333333333637e-02
9.900000000000000000e+02,2.119999999999999940e-01,-1.216666666666671448e-02
9.950000000000000000e+02,2.079999999999999905e-01,-1.183333333333333459e-02
