wavelength,absorbance,subtracted_absorbance
3.000000000000000000e+02,7.039999999999999591e-01,4.716666666666646801e-02
3.050000000000000000e+02,5.570000000000000506e-01,4.316666666666679752e-02
3.100000000000000000e+02,4.909999999999999920e-01,3.866666666666668251e-02
3.150000000000000000e+02,4.480000000000000093e-01,3.433333333333338233e-02
3.200000000000000000e+02,4.040000000000000258e-01,2.866666666666672914e-02
3.250000000000000000e+02,3.679999999999999938e-01,2.450000000000007727e-02
3.300000000000000000e+02,3.370000000000000218e-01,2.066666666666666652e-02
3.350000000000000000e+02,3.049999999999999933e-01,1.683333333333336679e-02
3.400000000000000000e+02,2.780000000000000249e-01,1.283333333333330772e-02
3.450000000000000000e+02,2.590000000000000080e-01,1.000000000000003664e-02
3.500000000000000000e+02,2.459999999999999964e-01,7.833333333333358794e-03
3.550000000000000000e+02,2.330000000000000127e-01,5.000000000000032196e-03
3.600000000000000000e+02,2.159999999999999976e-01,2.666666666666650531e-03
3.650000000000000000e+02,1.900000000000000022e-01,6.666666666666765106e-04
3.700000000000000000e+02,1.370000000000000107e-01,-1.666666666666760666e-04
3.750000000000000000e+02,9.199999999999999845e-02,4.000000000000017431e-03
3.800000000000000000e+02,7.399999999999999634e-02,5.166666666666652752e-03
3.850000000000000000e+02,6.400000000000000133e-02,4.166666666666672680e-03
3.900000000000000000e+02,5.999999999999999778e-02,4.499999999999997058e-03
3.950000000000000000e+02,5.700000000000000205e-02,4.166666666666665741e-03
4.000000000000000000e+02,5.399999999999999939e-02,3.166666666666664853e-03
4.050000000000000000e+02,5.199999999999999761e-02,2.833333333333333537e-03
4.100000000000000000e+02,5.099999999999999672e-02,2.833333333333333537e-03
4.150000000000000000e+02,5.000000000000000278e-02,2.833333333333340476e-03
4.200000000000000000e+02,4.900000000000000189e-02,3.000000000000009603e-03
4.250000000000000000e+02,4.700000000000000011e-02,1.500000000000008271e-03
4.300000000000000000e+02,4.599999999999999922e-02,1.500000000000008271e-03
4.350000000000000000e+02,4.499999999999999833e-02,1.333333333333339144e-03
4.400000000000000000e+02,4.399999999999999745e-02,8.333333333333317605e-04
4.450000000000000000e+02,4.299999999999999656e-02,6.666666666666626329e-04
4.500000000000000000e+02,4.200000000000000261e-02,0.000000000000000000e+00
4.550000000000000000e+02,4.200000000000000261e-02,5.000000000000004441e-04
4.600000000000000000e+02,4.100000000000000172e-02,0.000000000000000000e+00
4.650000000000000000e+02,4.100000000000000172e-02,6.666666666666626329e-04
4.700000000000000000e+02,4.000000000000000083e-02,0.000000000000000000e+00
4.750000000000000000e+02,4.000000000000000083e-02,3.333333333333313164e-04
4.800000000000000000e+02,4.000000000000000083e-02,6.666666666666626329e-04
4.850000000000000000e+02,4.000000000000000083e-02,8.333333333333317605e-04
4.900000000000000000e+02,4.000000000000000083e-02,1.166666666666663077e-03
4.950000000000000000e+02,4.000000000000000083e-02,1.333333333333332205e-03
5.000000000000000000e+02,4.000000000000000083e-02,1.333333333333332205e-03
5.050000000000000000e+02,4.100000000000000172e-02,2.666666666666664409e-03
5.100000000000000000e+02,4.100000000000000172e-02,2.666666666666664409e-03
5.150000000000000000e+02,4.100000000000000172e-02,2.500000000000002220e-03
5.200000000000000000e+02,4.100000000000000172e-02,2.500000000000002220e-03
5.250000000000000000e+02,4.100000000000000172e-02,2.666666666666664409e-03
5.300000000000000000e+02,4.100000000000000172e-02,2.500000000000002220e-03
5.350000000000000000e+02,4.100000000000000172e-02,2.333333333333333093e-03
5.400000000000000000e+02,4.100000000000000172e-02,2.166666666666663965e-03
5.450000000000000000e+02,4.100000000000000172e-02,2.166666666666663965e-03
5.500000000000000000e+02,4.100000000000000172e-02,2.166666666666663965e-03
5.550000000000000000e+02,4.000000000000000083e-02,1.000000000000000888e-03
5.600000000000000000e+02,4.000000000000000083e-02,1.166666666666663077e-03
5.650000000000000000e+02,4.000000000000000083e-02,8.333333333333317605e-04
5.700000000000000000e+02,4.000000000000000083e-02,8.333333333333317605e-04
5.750000000000000000e+02,3.899999999999999994e-02,-1.666666666666691277e-04
5.800000000000000000e+02,3.899999999999999994e-02,-1.666666666666691277e-04
5.850000000000000000e+02,3.899999999999999994e-02,-1.666666666666691277e-04
5.900000000000000000e+02,3.899999999999999994e-02,-6.666666666666695718e-04
5.950000000000000000e+02,3.899999999999999994e-02,-5.000000000000004441e-04
6.000000000000000000e+02,3.899999999999999994e-02,-8.333333333333386994e-04
6.050000000000000000e+02,3.899999999999999994e-02,-8.333333333333386994e-04
6.100000000000000000e+02,3.799999999999999906e-02,-1.833333333333339588e-03
6.150000000000000000e+02,3.799999999999999906e-02,-1.500000000000001332e-03
6.200000000000000000e+02,3.699999999999999817e-02,-2.333333333333340032e-03
6.250000000000000000e+02,3.699999999999999817e-02,-2.333333333333340032e-03
6.300000000000000000e+02,3.699999999999999817e-02,-2.166666666666670904e-03
6.350000000000000000e+02,3.699999999999999817e-02,-2.166666666666670904e-03
6.400000000000000000e+02,3.699999999999999817e-02,-1.833333333333339588e-03
6.450000000000000000e+02,3.599999999999999728e-02,-2.833333333333340476e-03
6.500000000000000000e+02,3.599999999999999728e-02,-2.666666666666671348e-03
6.550000000000000000e+02,3.599999999999999728e-02,-2.666666666666671348e-03
6.600000000000000000e+02,3.599999999999999728e-02,-2.833333333333340476e-03
6.650000000000000000e+02,3.599999999999999728e-02,-2.666666666666671348e-03
6.700000000000000000e+02,3.599999999999999728e-02,-2.500000000000002220e-03
6.750000000000000000e+02,3.599999999999999728e-02,-2.500000000000002220e-03
6.800000000000000000e+02,3.599999999999999728e-02,-2.333333333333340032e-03
6.850000000000000000e+02,3.599999999999999728e-02,-2.333333333333340032e-03
6.900000000000000000e+02,3.599999999999999728e-02,-2.166666666666670904e-03
6.950000000000000000e+02,3.699999999999999817e-02,-1.333333333333339144e-03
7.000000000000000000e+02,3.699999999999999817e-02,-1.500000000000001332e-03
7.050000000000000000e+02,3.799999999999999906e-02,-1.333333333333339144e-03
7.100000000000000000e+02,3.899999999999999994e-02,-1.666666666666663521e-03
7.150000000000000000e+02,4.000000000000000083e-02,-1.666666666666663521e-03
7.200000000000000000e+02,4.100000000000000172e-02,-8.333333333333317605e-04
7.250000000000000000e+02,4.200000000000000261e-02,-6.666666666666626329e-04
7.300000000000000000e+02,4.399999999999999745e-02,-4.999999999999935052e-04
7.350000000000000000e+02,4.599999999999999922e-02,-4.999999999999935052e-04
7.400000000000000000e+02,4.700000000000000011e-02,6.938893903907228378e-18
7.450000000000000000e+02,4.700000000000000011e-02,-1.666666666666621888e-04
7.500000000000000000e+02,4.800000000000000100e-02,8.333333333333386994e-04
7.550000000000000000e+02,4.800000000000000100e-02,8.333333333333386994e-04
7.600000000000000000e+02,4.800000000000000100e-02,8.333333333333386994e-04
7.650000000000000000e+02,4.800000000000000100e-02,1.166666666666670016e-03
7.700000000000000000e+02,4.800000000000000100e-02,1.500000000000008271e-03
7.750000000000000000e+02,4.800000000000000100e-02,1.833333333333339588e-03
7.800000000000000000e+02,4.800000000000000100e-02,2.500000000000009159e-03
7.850000000000000000e+02,4.700000000000000011e-02,1.833333333333339588e-03
7.900000000000000000e+02,4.700000000000000011e-02,2.666666666666671348e-03
7.950000000000000000e+02,4.599999999999999922e-02,2.000000000000008715e-03
8.000000000000000000e+02,4.599999999999999922e-02,2.833333333333333537e-03
8.050000000000000000e+02,4.599999999999999922e-02,2.833333333333333537e-03
8.100000000000000000e+02,4.599999999999999922e-02,2.999999999999995726e-03
8.150000000000000000e+02,4.700000000000000011e-02,3.833333333333334425e-03
8.200000000000000000e+02,4.800000000000000100e-02,4.166666666666672680e-03
8.250000000000000000e+02,4.800000000000000100e-02,3.333333333333340920e-03
8.300000000000000000e+02,5.099999999999999672e-02,4.000000000000003553e-03
8.350000000000000000e+02,5.299999999999999850e-02,3.666666666666665297e-03
8.400000000000000000e+02,5.399999999999999939e-02,4.166666666666665741e-03
8.450000000000000000e+02,5.500000000000000028e-02,4.333333333333334869e-03
8.500000000000000000e+02,5.600000000000000117e-02,4.500000000000003997e-03
8.550000000000000000e+02,5.700000000000000205e-02,5.000000000000004441e-03
8.600000000000000000e+02,5.800000000000000294e-02,4.500000000000003997e-03
8.650000000000000000e+02,5.999999999999999778e-02,4.499999999999997058e-03
8.700000000000000000e+02,6.300000000000000044e-02,4.500000000000003997e-03
8.750000000000000000e+02,6.700000000000000400e-02,5.833333333333336201e-03
8.800000000000000000e+02,6.600000000000000311e-02,5.666666666666674013e-03
8.850000000000000000e+02,6.400000000000000133e-02,4.500000000000003997e-03
8.900000000000000000e+02,6.400000000000000133e-02,4.833333333333335313e-03
8.950000000000000000e+02,6.500000000000000222e-02,5.000000000000004441e-03
9.000000000000000000e+02,6.600000000000000311e-02,4.833333333333335313e-03
9.050000000000000000e+02,6.800000000000000488e-02,5.333333333333342696e-03
9.100000000000000000e+02,7.000000000000000666e-02,4.833333333333342252e-03
9.150000000000000000e+02,7.299999999999999545e-02,4.833333333333328374e-03
9.200000000000000000e+02,7.699999999999999900e-02,5.166666666666666630e-03
9.250000000000000000e+02,8.400000000000000522e-02,5.000000000000004441e-03
9.300000000000000000e+02,9.299999999999999933e-02,4.666666666666680063e-03
9.350000000000000000e+02,1.049999999999999961e-01,4.000000000000003553e-03
9.400000000000000000e+02,1.170000000000000068e-01,3.166666666666664853e-03
9.450000000000000000e+02,1.370000000000000107e-01,3.833333333333327486e-03
9.500000000000000000e+02,1.630000000000000060e-01,3.166666666666650976e-03
9.550000000000000000e+02,1.950000000000000067e-01,2.833333333333326598e-03
9.600000000000000000e+02,2.210000000000000020e-01,1.833333333333353465e-03
9.650000000000000000e+02,2.320000000000000118e-01,2.000000000000001776e-03
9.700000000000000000e+02,2.369999999999999885e-01,2.000000000000001776e-03
9.750000000000000000e+02,2.389999999999999902e-01,1.333333333333325266e-03
9.800000000000000000e+02,2.389999999999999902e-01,2.000000000000029532e-03
9.850000000000000000e+02,2.349999999999999867e-01,2.166666666666650087e-03
9.900000000000000000e+02,2.270000000000000073e-01,2.833333333333298842e-03
9.950000000000000000e+02,2.220000000000000029e-01,2.166666666666677843e-03
