wavelength,absorbance,subtracted_absorbance
3.000000000000000000e+02,7.980000000000000426e-01,1.411666666666665515e-01
3.050000000000000000e+02,6.460000000000000187e-01,1.321666666666667656e-01
3.100000000000000000e+02,5.749999999999999556e-01,1.226666666666666461e-01
3.150000000000000000e+02,5.270000000000000240e-01,1.133333333333333970e-01
3.200000000000000000e+02,4.779999999999999805e-01,1.026666666666666838e-01
3.250000000000000000e+02,4.349999999999999978e-01,9.150000000000008127e-02
3.300000000000000000e+02,3.980000000000000204e-01,8.166666666666666519e-02
3.350000000000000000e+02,3.589999999999999858e-01,7.083333333333335924e-02
3.400000000000000000e+02,3.260000000000000120e-01,6.083333333333329485e-02
3.450000000000000000e+02,3.009999999999999898e-01,5.200000000000001843e-02
3.500000000000000000e+02,2.829999999999999738e-01,4.483333333333333615e-02
3.550000000000000000e+02,2.670000000000000151e-01,3.900000000000003464e-02
3.600000000000000000e+02,2.479999999999999982e-01,3.466666666666665120e-02
3.650000000000000000e+02,2.200000000000000011e-01,3.066666666666667540e-02
3.700000000000000000e+02,1.630000000000000060e-01,2.583333333333331927e-02
3.750000000000000000e+02,1.120000000000000023e-01,2.400000000000002132e-02
3.800000000000000000e+02,9.099999999999999756e-02,2.216666666666665397e-02
3.850000000000000000e+02,8.000000000000000167e-02,2.016666666666667301e-02
3.900000000000000000e+02,7.399999999999999634e-02,1.849999999999999561e-02
3.950000000000000000e+02,6.900000000000000577e-02,1.616666666666666946e-02
4.000000000000000000e+02,6.600000000000000311e-02,1.516666666666666857e-02
4.050000000000000000e+02,6.300000000000000044e-02,1.383333333333333637e-02
4.100000000000000000e+02,5.999999999999999778e-02,1.183333333333333459e-02
4.150000000000000000e+02,5.800000000000000294e-02,1.083333333333334064e-02
4.200000000000000000e+02,5.500000000000000028e-02,9.000000000000007994e-03
4.250000000000000000e+02,5.299999999999999850e-02,7.500000000000006661e-03
4.300000000000000000e+02,5.199999999999999761e-02,7.500000000000006661e-03
4.350000000000000000e+02,5.000000000000000278e-02,6.333333333333343584e-03
4.400000000000000000e+02,4.900000000000000189e-02,5.833333333333336201e-03
4.450000000000000000e+02,4.800000000000000100e-02,5.666666666666667074e-03
4.500000000000000000e+02,4.700000000000000011e-02,4.999999999999997502e-03
4.550000000000000000e+02,4.599999999999999922e-02,4.499999999999997058e-03
4.600000000000000000e+02,4.499999999999999833e-02,3.999999999999996614e-03
4.650000000000000000e+02,4.399999999999999745e-02,3.666666666666658358e-03
4.700000000000000000e+02,4.399999999999999745e-02,3.999999999999996614e-03
4.750000000000000000e+02,4.299999999999999656e-02,3.333333333333327042e-03
4.800000000000000000e+02,4.299999999999999656e-02,3.666666666666658358e-03
4.850000000000000000e+02,4.200000000000000261e-02,2.833333333333333537e-03
4.900000000000000000e+02,4.200000000000000261e-02,3.166666666666664853e-03
4.950000000000000000e+02,4.200000000000000261e-02,3.333333333333333981e-03
5.000000000000000000e+02,4.200000000000000261e-02,3.333333333333333981e-03
5.050000000000000000e+02,4.200000000000000261e-02,3.666666666666665297e-03
5.100000000000000000e+02,4.200000000000000261e-02,3.666666666666665297e-03
5.150000000000000000e+02,4.100000000000000172e-02,2.500000000000002220e-03
5.200000000000000000e+02,4.100000000000000172e-02,2.500000000000002220e-03
5.250000000000000000e+02,4.100000000000000172e-02,2.666666666666664409e-03
5.300000000000000000e+02,4.200000000000000261e-02,3.500000000000003109e-03
5.350000000000000000e+02,4.200000000000000261e-02,3.333333333333333981e-03
5.400000000000000000e+02,4.200000000000000261e-02,3.166666666666664853e-03
5.450000000000000000e+02,4.200000000000000261e-02,3.166666666666664853e-03
5.500000000000000000e+02,4.200000000000000261e-02,3.166666666666664853e-03
5.550000000000000000e+02,4.200000000000000261e-02,3.000000000000002665e-03
5.600000000000000000e+02,4.200000000000000261e-02,3.166666666666664853e-03
5.650000000000000000e+02,4.200000000000000261e-02,2.833333333333333537e-03
5.700000000000000000e+02,4.200000000000000261e-02,2.833333333333333537e-03
5.750000000000000000e+02,4.200000000000000261e-02,2.833333333333333537e-03
5.800000000000000000e+02,4.200000000000000261e-02,2.833333333333333537e-03
5.850000000000000000e+02,4.200000000000000261e-02,2.833333333333333537e-03
5.900000000000000000e+02,4.200000000000000261e-02,2.333333333333333093e-03
5.950000000000000000e+02,4.200000000000000261e-02,2.500000000000002220e-03
6.000000000000000000e+02,4.200000000000000261e-02,2.166666666666663965e-03
6.050000000000000000e+02,4.200000000000000261e-02,2.166666666666663965e-03
6.100000000000000000e+02,4.200000000000000261e-02,2.166666666666663965e-03
6.150000000000000000e+02,4.200000000000000261e-02,2.500000000000002220e-03
6.200000000000000000e+02,4.200000000000000261e-02,2.666666666666664409e-03
6.250000000000000000e+02,4.200000000000000261e-02,2.666666666666664409e-03
6.300000000000000000e+02,4.200000000000000261e-02,2.833333333333333537e-03
6.350000000000000000e+02,4.100000000000000172e-02,1.833333333333332649e-03
6.400000000000000000e+02,4.100000000000000172e-02,2.166666666666663965e-03
6.450000000000000000e+02,4.100000000000000172e-02,2.166666666666663965e-03
6.500000000000000000e+02,4.100000000000000172e-02,2.333333333333333093e-03
6.550000000000000000e+02,4.100000000000000172e-02,2.333333333333333093e-03
6.600000000000000000e+02,4.100000000000000172e-02,2.166666666666663965e-03
6.650000000000000000e+02,4.100000000000000172e-02,2.333333333333333093e-03
6.700000000000000000e+02,4.100000000000000172e-02,2.500000000000002220e-03
6.750000000000000000e+02,4.100000000000000172e-02,2.500000000000002220e-03
6.800000000000000000e+02,4.100000000000000172e-02,2.666666666666664409e-03
6.850000000000000000e+02,4.100000000000000172e-02,2.666666666666664409e-03
6.900000000000000000e+02,4.100000000000000172e-02,2.833333333333333537e-03
6.950000000000000000e+02,4.100000000000000172e-02,2.666666666666664409e-03
7.000000000000000000e+02,4.100000000000000172e-02,2.500000000000002220e-03
7.050000000000000000e+02,4.200000000000000261e-02,2.666666666666664409e-03
7.100000000000000000e+02,4.299999999999999656e-02,2.333333333333333093e-03
7.150000000000000000e+02,4.399999999999999745e-02,2.333333333333333093e-03
7.200000000000000000e+02,4.499999999999999833e-02,3.166666666666664853e-03
7.250000000000000000e+02,4.599999999999999922e-02,3.333333333333333981e-03
7.300000000000000000e+02,4.800000000000000100e-02,3.500000000000010048e-03
7.350000000000000000e+02,4.900000000000000189e-02,2.500000000000009159e-03
7.400000000000000000e+02,5.000000000000000278e-02,3.000000000000009603e-03
7.450000000000000000e+02,5.000000000000000278e-02,2.833333333333340476e-03
7.500000000000000000e+02,5.000000000000000278e-02,2.833333333333340476e-03
7.550000000000000000e+02,5.000000000000000278e-02,2.833333333333340476e-03
7.600000000000000000e+02,5.000000000000000278e-02,2.833333333333340476e-03
7.650000000000000000e+02,5.000000000000000278e-02,3.166666666666671792e-03
7.700000000000000000e+02,5.000000000000000278e-02,3.500000000000010048e-03
7.750000000000000000e+02,5.000000000000000278e-02,3.833333333333341364e-03
7.800000000000000000e+02,4.900000000000000189e-02,3.500000000000010048e-03
7.850000000000000000e+02,4.900000000000000189e-02,3.833333333333341364e-03
7.900000000000000000e+02,4.800000000000000100e-02,3.666666666666672236e-03
7.950000000000000000e+02,4.800000000000000100e-02,4.000000000000010492e-03
8.000000000000000000e+02,4.800000000000000100e-02,4.833333333333335313e-03
8.050000000000000000e+02,4.700000000000000011e-02,3.833333333333334425e-03
8.100000000000000000e+02,4.700000000000000011e-02,3.999999999999996614e-03
8.150000000000000000e+02,4.800000000000000100e-02,4.833333333333335313e-03
8.200000000000000000e+02,4.800000000000000100e-02,4.166666666666672680e-03
8.250000000000000000e+02,4.900000000000000189e-02,4.333333333333341808e-03
8.300000000000000000e+02,5.099999999999999672e-02,4.000000000000003553e-03
8.350000000000000000e+02,5.299999999999999850e-02,3.666666666666665297e-03
8.400000000000000000e+02,5.399999999999999939e-02,4.166666666666665741e-03
8.450000000000000000e+02,5.500000000000000028e-02,4.333333333333334869e-03
8.500000000000000000e+02,5.600000000000000117e-02,4.500000000000003997e-03
8.550000000000000000e+02,5.600000000000000117e-02,4.000000000000003553e-03
8.600000000000000000e+02,5.700000000000000205e-02,3.500000000000003109e-03
8.650000000000000000e+02,5.899999999999999689e-02,3.499999999999996170e-03
8.700000000000000000e+02,6.199999999999999956e-02,3.500000000000003109e-03
8.750000000000000000e+02,6.600000000000000311e-02,4.833333333333335313e-03
8.800000000000000000e+02,6.500000000000000222e-02,4.666666666666673124e-03
8.850000000000000000e+02,6.400000000000000133e-02,4.500000000000003997e-03
8.900000000000000000e+02,6.300000000000000044e-02,3.833333333333334425e-03
8.950000000000000000e+02,6.400000000000000133e-02,4.000000000000003553e-03
9.000000000000000000e+02,6.500000000000000222e-02,3.833333333333334425e-03
9.050000000000000000e+02,6.600000000000000311e-02,3.333333333333340920e-03
9.100000000000000000e+02,6.800000000000000488e-02,2.833333333333340476e-03
9.150000000000000000e+02,7.099999999999999367e-02,2.833333333333326598e-03
9.200000000000000000e+02,7.499999999999999722e-02,3.166666666666664853e-03
9.250000000000000000e+02,8.200000000000000344e-02,3.000000000000002665e-03
9.300000000000000000e+02,8.999999999999999667e-02,1.666666666666677399e-03
9.350000000000000000e+02,1.010000000000000064e-01,1.387778780781445676e-17
9.400000000000000000e+02,1.130000000000000032e-01,-8.333333333333386994e-04
9.450000000000000000e+02,1.310000000000000053e-01,-2.166666666666677843e-03
9.500000000000000000e+02,1.549999999999999989e-01,-4.833333333333356130e-03
9.550000000000000000e+02,1.849999999999999978e-01,-7.166666666666682284e-03
9.600000000000000000e+02,2.089999999999999913e-01,-1.016666666666665719e-02
9.650000000000000000e+02,2.200000000000000011e-01,-1.000000000000000888e-02
9.700000000000000000e+02,2.240000000000000047e-01,-1.099999999999998201e-02
9.750000000000000000e+02,2.270000000000000073e-01,-1.066666666666665764e-02
9.800000000000000000e+02,2.260000000000000064e-01,-1.099999999999995426e-02
9.850000000000000000e+02,2.230000000000000038e-01,-9.833333333333332815e-03
9.900000000000000000e+02,2.149999999999999967e-01,-9.166666666666711816e-03
9.950000000000000000e+02,2.119999999999999940e-01,-7.833333333333331039e-03
