wavelength,absorbance,subtracted_absorbance
3.000000000000000000e+02,7.720000000000000195e-01,1.151666666666665284e-01
3.050000000000000000e+02,6.139999999999999902e-01,1.001666666666667371e-01
3.100000000000000000e+02,5.370000000000000329e-01,8.466666666666672336e-02
3.150000000000000000e+02,4.879999999999999893e-01,7.433333333333336235e-02
3.200000000000000000e+02,4.410000000000000031e-01,6.566666666666670649e-02
3.250000000000000000e+02,4.020000000000000240e-01,5.850000000000010747e-02
3.300000000000000000e+02,3.699999999999999956e-01,5.366666666666664032e-02
3.350000000000000000e+02,3.370000000000000218e-01,4.883333333333339521e-02
3.400000000000000000e+02,3.099999999999999978e-01,4.483333333333328063e-02
3.450000000000000000e+02,2.899999999999999800e-01,4.100000000000000866e-02
3.500000000000000000e+02,2.770000000000000240e-01,3.883333333333338633e-02
3.550000000000000000e+02,2.640000000000000124e-01,3.600000000000003197e-02
3.600000000000000000e+02,2.469999999999999973e-01,3.366666666666665031e-02
3.650000000000000000e+02,2.190000000000000002e-01,2.966666666666667451e-02
3.700000000000000000e+02,1.590000000000000024e-01,2.183333333333331572e-02
3.750000000000000000e+02,1.000000000000000056e-01,1.200000000000002454e-02
3.800000000000000000e+02,7.699999999999999900e-02,8.166666666666655416e-03
3.850000000000000000e+02,6.700000000000000400e-02,7.166666666666675345e-03
3.900000000000000000e+02,6.099999999999999867e-02,5.499999999999997946e-03
3.950000000000000000e+02,5.800000000000000294e-02,5.166666666666666630e-03
4.000000000000000000e+02,5.500000000000000028e-02,4.166666666666665741e-03
4.050000000000000000e+02,5.299999999999999850e-02,3.833333333333334425e-03
4.100000000000000000e+02,5.099999999999999672e-02,2.833333333333333537e-03
4.150000000000000000e+02,5.000000000000000278e-02,2.833333333333340476e-03
4.200000000000000000e+02,4.800000000000000100e-02,2.000000000000008715e-03
4.250000000000000000e+02,4.700000000000000011e-02,1.500000000000008271e-03
4.300000000000000000e+02,4.599999999999999922e-02,1.500000000000008271e-03
4.350000000000000000e+02,4.499999999999999833e-02,1.333333333333339144e-03
4.400000000000000000e+02,4.399999999999999745e-02,8.333333333333317605e-04
4.450000000000000000e+02,4.299999999999999656e-02,6.666666666666626329e-04
4.500000000000000000e+02,4.200000000000000261e-02,0.000000000000000000e+00
4.550000000000000000e+02,4.200000000000000261e-02,5.000000000000004441e-04
4.600000000000000000e+02,4.100000000000000172e-02,0.000000000000000000e+00
4.650000000000000000e+02,4.100000000000000172e-02,6.666666666666626329e-04
4.700000000000000000e+02,4.000000000000000083e-02,0.000000000000000000e+00
4.750000000000000000e+02,4.000000000000000083e-02,3.333333333333313164e-04
4.800000000000000000e+02,3.899999999999999994e-02,-3.333333333333382553e-04
4.850000000000000000e+02,3.899999999999999994e-02,-1.666666666666691277e-04
4.900000000000000000e+02,3.899999999999999994e-02,1.666666666666621888e-04
4.950000000000000000e+02,3.899999999999999994e-02,3.333333333333313164e-04
5.000000000000000000e+02,3.799999999999999906e-02,-6.666666666666695718e-04
5.050000000000000000e+02,3.799999999999999906e-02,-3.333333333333382553e-04
5.100000000000000000e+02,3.799999999999999906e-02,-3.333333333333382553e-04
5.150000000000000000e+02,3.799999999999999906e-02,-5.000000000000004441e-04
5.200000000000000000e+02,3.799999999999999906e-02,-5.000000000000004441e-04
5.250000000000000000e+02,3.799999999999999906e-02,-3.333333333333382553e-04
5.300000000000000000e+02,3.799999999999999906e-02,-5.000000000000004441e-04
5.350000000000000000e+02,3.799999999999999906e-02,-6.666666666666695718e-04
5.400000000000000000e+02,3.699999999999999817e-02,-1.833333333333339588e-03
5.450000000000000000e+02,3.799999999999999906e-02,-8.333333333333386994e-04
5.500000000000000000e+02,3.699999999999999817e-02,-1.833333333333339588e-03
5.550000000000000000e+02,3.699999999999999817e-02,-2.000000000000001776e-03
5.600000000000000000e+02,3.699999999999999817e-02,-1.833333333333339588e-03
5.650000000000000000e+02,3.699999999999999817e-02,-2.166666666666670904e-03
5.700000000000000000e+02,3.699999999999999817e-02,-2.166666666666670904e-03
5.750000000000000000e+02,3.699999999999999817e-02,-2.166666666666670904e-03
5.800000000000000000e+02,3.699999999999999817e-02,-2.166666666666670904e-03
5.850000000000000000e+02,3.699999999999999817e-02,-2.166666666666670904e-03
5.900000000000000000e+02,3.699999999999999817e-02,-2.666666666666671348e-03
5.950000000000000000e+02,3.699999999999999817e-02,-2.500000000000002220e-03
6.000000000000000000e+02,3.699999999999999817e-02,-2.833333333333340476e-03
6.050000000000000000e+02,3.699999999999999817e-02,-2.833333333333340476e-03
6.100000000000000000e+02,3.699999999999999817e-02,-2.833333333333340476e-03
6.150000000000000000e+02,3.699999999999999817e-02,-2.500000000000002220e-03
6.200000000000000000e+02,3.699999999999999817e-02,-2.333333333333340032e-03
6.250000000000000000e+02,3.699999999999999817e-02,-2.333333333333340032e-03
6.300000000000000000e+02,3.599999999999999728e-02,-3.166666666666671792e-03
6.350000000000000000e+02,3.599999999999999728e-02,-3.166666666666671792e-03
6.400000000000000000e+02,3.599999999999999728e-02,-2.833333333333340476e-03
6.450000000000000000e+02,3.599999999999999728e-02,-2.833333333333340476e-03
6.500000000000000000e+02,3.599999999999999728e-02,-2.666666666666671348e-03
6.550000000000000000e+02,3.599999999999999728e-02,-2.666666666666671348e-03
6.600000000000000000e+02,3.599999999999999728e-02,-2.833333333333340476e-03
6.650000000000000000e+02,3.599999999999999728e-02,-2.666666666666671348e-03
6.700000000000000000e+02,3.599999999999999728e-02,-2.500000000000002220e-03
6.750000000000000000e+02,3.599999999999999728e-02,-2.500000000000002220e-03
6.800000000000000000e+02,3.599999999999999728e-02,-2.333333333333340032e-03
6.850000000000000000e+02,3.599999999999999728e-02,-2.333333333333340032e-03
6.900000000000000000e+02,3.599999999999999728e-02,-2.166666666666670904e-03
6.950000000000000000e+02,3.599999999999999728e-02,-2.333333333333340032e-03
7.000000000000000000e+02,3.599999999999999728e-02,-2.500000000000002220e-03
7.050000000000000000e+02,3.699999999999999817e-02,-2.333333333333340032e-03
7.100000000000000000e+02,3.699999999999999817e-02,-3.666666666666665297e-03
7.150000000000000000e+02,3.799999999999999906e-02,-3.666666666666665297e-03
7.200000000000000000e+02,3.899999999999999994e-02,-2.833333333333333537e-03
7.250000000000000000e+02,4.000000000000000083e-02,-2.666666666666664409e-03
7.300000000000000000e+02,4.200000000000000261e-02,-2.499999999999988343e-03
7.350000000000000000e+02,4.399999999999999745e-02,-2.499999999999995282e-03
7.400000000000000000e+02,4.499999999999999833e-02,-1.999999999999994837e-03
7.450000000000000000e+02,4.499999999999999833e-02,-2.166666666666663965e-03
7.500000000000000000e+02,4.499999999999999833e-02,-2.166666666666663965e-03
7.550000000000000000e+02,4.499999999999999833e-02,-2.166666666666663965e-03
7.600000000000000000e+02,4.499999999999999833e-02,-2.166666666666663965e-03
7.650000000000000000e+02,4.499999999999999833e-02,-1.833333333333332649e-03
7.700000000000000000e+02,4.499999999999999833e-02,-1.499999999999994393e-03
7.750000000000000000e+02,4.399999999999999745e-02,-2.166666666666663965e-03
7.800000000000000000e+02,4.399999999999999745e-02,-1.499999999999994393e-03
7.850000000000000000e+02,4.399999999999999745e-02,-1.166666666666663077e-03
7.900000000000000000e+02,4.299999999999999656e-02,-1.333333333333332205e-03
7.950000000000000000e+02,4.299999999999999656e-02,-9.999999999999939493e-04
8.000000000000000000e+02,4.200000000000000261e-02,-1.166666666666663077e-03
8.050000000000000000e+02,4.200000000000000261e-02,-1.166666666666663077e-03
8.100000000000000000e+02,4.200000000000000261e-02,-1.000000000000000888e-03
8.150000000000000000e+02,4.200000000000000261e-02,-1.166666666666663077e-03
8.200000000000000000e+02,4.299999999999999656e-02,-8.333333333333317605e-04
8.250000000000000000e+02,4.399999999999999745e-02,-6.666666666666626329e-04
8.300000000000000000e+02,4.599999999999999922e-02,-9.999999999999939493e-04
8.350000000000000000e+02,4.800000000000000100e-02,-1.333333333333332205e-03
8.400000000000000000e+02,4.900000000000000189e-02,-8.333333333333317605e-04
8.450000000000000000e+02,5.000000000000000278e-02,-6.666666666666626329e-04
8.500000000000000000e+02,5.099999999999999672e-02,-5.000000000000004441e-04
8.550000000000000000e+02,5.099999999999999672e-02,-1.000000000000000888e-03
8.600000000000000000e+02,5.299999999999999850e-02,-5.000000000000004441e-04
8.650000000000000000e+02,5.399999999999999939e-02,-1.500000000000001332e-03
8.700000000000000000e+02,5.800000000000000294e-02,-4.999999999999935052e-04
8.750000000000000000e+02,5.999999999999999778e-02,-1.166666666666670016e-03
8.800000000000000000e+02,5.899999999999999689e-02,-1.333333333333332205e-03
8.850000000000000000e+02,5.899999999999999689e-02,-5.000000000000004441e-04
8.900000000000000000e+02,5.899999999999999689e-02,-1.666666666666691277e-04
8.950000000000000000e+02,5.899999999999999689e-02,-1.000000000000000888e-03
9.000000000000000000e+02,6.099999999999999867e-02,-1.666666666666691277e-04
9.050000000000000000e+02,6.199999999999999956e-02,-6.666666666666626329e-04
9.100000000000000000e+02,6.400000000000000133e-02,-1.166666666666663077e-03
9.150000000000000000e+02,6.700000000000000400e-02,-1.166666666666663077e-03
9.200000000000000000e+02,7.099999999999999367e-02,-8.333333333333386994e-04
9.250000000000000000e+02,7.900000000000000078e-02,0.000000000000000000e+00
9.300000000000000000e+02,8.799999999999999489e-02,-3.333333333333243775e-04
9.350000000000000000e+02,1.000000000000000056e-01,-9.999999999999870104e-04
9.400000000000000000e+02,1.130000000000000032e-01,-8.333333333333386994e-04
9.450000000000000000e+02,1.320000000000000062e-01,-1.166666666666676955e-03
9.500000000000000000e+02,1.590000000000000024e-01,-8.333333333333525772e-04
9.550000000000000000e+02,1.910000000000000031e-01,-1.166666666666676955e-03
9.600000000000000000e+02,2.179999999999999993e-01,-1.166666666666649199e-03
9.650000000000000000e+02,2.280000000000000082e-01,-2.000000000000001776e-03
9.700000000000000000e+02,2.330000000000000127e-01,-1.999999999999974021e-03
9.750000000000000000e+02,2.349999999999999867e-01,-2.666666666666678287e-03
9.800000000000000000e+02,2.349999999999999867e-01,-1.999999999999974021e-03
9.850000000000000000e+02,2.310000000000000109e-01,-1.833333333333325710e-03
9.900000000000000000e+02,2.220000000000000029e-01,-2.166666666666705598e-03
9.950000000000000000e+02,2.179999999999999993e-01,-1.833333333333325710e-03
