wavelength,absorbance,subtracted_absorbance
3.000000000000000000e+02,8.169999999999999485e-01,1.601666666666664574e-01
3.050000000000000000e+02,6.700000000000000400e-01,1.561666666666667869e-01
3.100000000000000000e+02,6.019999999999999796e-01,1.496666666666666701e-01
3.150000000000000000e+02,5.590000000000000524e-01,1.453333333333334254e-01
3.200000000000000000e+02,5.160000000000000142e-01,1.406666666666667176e-01
3.250000000000000000e+02,4.799999999999999822e-01,1.365000000000000657e-01
3.300000000000000000e+02,4.490000000000000102e-01,1.326666666666666550e-01
3.350000000000000000e+02,4.169999999999999818e-01,1.288333333333333552e-01
3.400000000000000000e+02,3.910000000000000142e-01,1.258333333333332971e-01
3.450000000000000000e+02,3.719999999999999973e-01,1.230000000000000260e-01
3.500000000000000000e+02,3.589999999999999858e-01,1.208333333333333481e-01
3.550000000000000000e+02,3.479999999999999760e-01,1.199999999999999956e-01
3.600000000000000000e+02,3.310000000000000164e-01,1.176666666666666694e-01
3.650000000000000000e+02,3.059999999999999942e-01,1.166666666666666685e-01
3.700000000000000000e+02,2.540000000000000036e-01,1.168333333333333168e-01
3.750000000000000000e+02,2.059999999999999887e-01,1.180000000000000077e-01
3.800000000000000000e+02,1.869999999999999996e-01,1.181666666666666560e-01
3.850000000000000000e+02,1.769999999999999907e-01,1.171666666666666690e-01
3.900000000000000000e+02,1.710000000000000131e-01,1.155000000000000193e-01
3.950000000000000000e+02,1.680000000000000104e-01,1.151666666666666672e-01
4.000000000000000000e+02,1.640000000000000069e-01,1.131666666666666654e-01
4.050000000000000000e+02,1.610000000000000042e-01,1.118333333333333401e-01
4.100000000000000000e+02,1.590000000000000024e-01,1.108333333333333393e-01
4.150000000000000000e+02,1.570000000000000007e-01,1.098333333333333384e-01
4.200000000000000000e+02,1.549999999999999989e-01,1.090000000000000135e-01
4.250000000000000000e+02,1.529999999999999971e-01,1.075000000000000122e-01
4.300000000000000000e+02,1.509999999999999953e-01,1.065000000000000113e-01
4.350000000000000000e+02,1.499999999999999944e-01,1.063333333333333353e-01
4.400000000000000000e+02,1.479999999999999927e-01,1.048333333333333339e-01
4.450000000000000000e+02,1.459999999999999909e-01,1.036666666666666570e-01
4.500000000000000000e+02,1.449999999999999900e-01,1.029999999999999805e-01
4.550000000000000000e+02,1.439999999999999891e-01,1.024999999999999800e-01
4.600000000000000000e+02,1.429999999999999882e-01,1.019999999999999796e-01
4.650000000000000000e+02,1.429999999999999882e-01,1.026666666666666561e-01
4.700000000000000000e+02,1.419999999999999873e-01,1.019999999999999796e-01
4.750000000000000000e+02,1.429999999999999882e-01,1.033333333333333187e-01
4.800000000000000000e+02,1.439999999999999891e-01,1.046666666666666579e-01
4.850000000000000000e+02,1.449999999999999900e-01,1.058333333333333209e-01
4.900000000000000000e+02,1.479999999999999927e-01,1.091666666666666619e-01
4.950000000000000000e+02,1.519999999999999962e-01,1.133333333333333276e-01
5.000000000000000000e+02,1.570000000000000007e-01,1.183333333333333320e-01
5.050000000000000000e+02,1.620000000000000051e-01,1.236666666666666747e-01
5.100000000000000000e+02,1.680000000000000104e-01,1.296666666666666801e-01
5.150000000000000000e+02,1.719999999999999862e-01,1.334999999999999798e-01
5.200000000000000000e+02,1.759999999999999898e-01,1.374999999999999833e-01
5.250000000000000000e+02,1.789999999999999925e-01,1.406666666666666621e-01
5.300000000000000000e+02,1.799999999999999933e-01,1.414999999999999869e-01
5.350000000000000000e+02,1.799999999999999933e-01,1.413333333333333108e-01
5.400000000000000000e+02,1.789999999999999925e-01,1.401666666666666616e-01
5.450000000000000000e+02,1.769999999999999907e-01,1.381666666666666599e-01
5.500000000000000000e+02,1.739999999999999880e-01,1.351666666666666572e-01
5.550000000000000000e+02,1.710000000000000131e-01,1.320000000000000062e-01
5.600000000000000000e+02,1.670000000000000095e-01,1.281666666666666787e-01
5.650000000000000000e+02,1.640000000000000069e-01,1.248333333333333378e-01
5.700000000000000000e+02,1.610000000000000042e-01,1.218333333333333351e-01
5.750000000000000000e+02,1.580000000000000016e-01,1.188333333333333325e-01
5.800000000000000000e+02,1.549999999999999989e-01,1.158333333333333298e-01
5.850000000000000000e+02,1.529999999999999971e-01,1.138333333333333280e-01
5.900000000000000000e+02,1.499999999999999944e-01,1.103333333333333249e-01
5.950000000000000000e+02,1.489999999999999936e-01,1.094999999999999862e-01
6.000000000000000000e+02,1.469999999999999918e-01,1.071666666666666601e-01
6.050000000000000000e+02,1.459999999999999909e-01,1.061666666666666592e-01
6.100000000000000000e+02,1.449999999999999900e-01,1.051666666666666583e-01
6.150000000000000000e+02,1.439999999999999891e-01,1.044999999999999818e-01
6.200000000000000000e+02,1.419999999999999873e-01,1.026666666666666561e-01
6.250000000000000000e+02,1.409999999999999865e-01,1.016666666666666552e-01
6.300000000000000000e+02,1.409999999999999865e-01,1.018333333333333174e-01
6.350000000000000000e+02,1.400000000000000133e-01,1.008333333333333443e-01
6.400000000000000000e+02,1.400000000000000133e-01,1.011666666666666825e-01
6.450000000000000000e+02,1.400000000000000133e-01,1.011666666666666825e-01
6.500000000000000000e+02,1.390000000000000124e-01,1.003333333333333438e-01
6.550000000000000000e+02,1.390000000000000124e-01,1.003333333333333438e-01
6.600000000000000000e+02,1.390000000000000124e-01,1.001666666666666816e-01
6.650000000000000000e+02,1.390000000000000124e-01,1.003333333333333438e-01
6.700000000000000000e+02,1.390000000000000124e-01,1.005000000000000060e-01
6.750000000000000000e+02,1.390000000000000124e-01,1.005000000000000060e-01
6.800000000000000000e+02,1.380000000000000115e-01,9.966666666666668117e-02
6.850000000000000000e+02,1.380000000000000115e-01,9.966666666666668117e-02
6.900000000000000000e+02,1.390000000000000124e-01,1.008333333333333443e-01
6.950000000000000000e+02,1.390000000000000124e-01,1.006666666666666821e-01
7.000000000000000000e+02,1.390000000000000124e-01,1.005000000000000060e-01
7.050000000000000000e+02,1.390000000000000124e-01,9.966666666666668117e-02
7.100000000000000000e+02,1.400000000000000133e-01,9.933333333333335680e-02
7.150000000000000000e+02,1.409999999999999865e-01,9.933333333333332904e-02
7.200000000000000000e+02,1.419999999999999873e-01,1.001666666666666539e-01
7.250000000000000000e+02,1.429999999999999882e-01,1.003333333333333299e-01
7.300000000000000000e+02,1.439999999999999891e-01,9.950000000000000511e-02
7.350000000000000000e+02,1.459999999999999909e-01,9.950000000000000511e-02
7.400000000000000000e+02,1.469999999999999918e-01,1.000000000000000056e-01
7.450000000000000000e+02,1.469999999999999918e-01,9.983333333333332948e-02
7.500000000000000000e+02,1.469999999999999918e-01,9.983333333333332948e-02
7.550000000000000000e+02,1.469999999999999918e-01,9.983333333333332948e-02
7.600000000000000000e+02,1.469999999999999918e-01,9.983333333333332948e-02
7.650000000000000000e+02,1.459999999999999909e-01,9.916666666666665297e-02
7.700000000000000000e+02,1.459999999999999909e-01,9.950000000000000511e-02
7.750000000000000000e+02,1.449999999999999900e-01,9.883333333333332860e-02
7.800000000000000000e+02,1.449999999999999900e-01,9.950000000000000511e-02
7.850000000000000000e+02,1.439999999999999891e-01,9.883333333333332860e-02
7.900000000000000000e+02,1.429999999999999882e-01,9.866666666666665253e-02
7.950000000000000000e+02,1.419999999999999873e-01,9.800000000000000377e-02
8.000000000000000000e+02,1.419999999999999873e-01,9.883333333333332860e-02
8.050000000000000000e+02,1.409999999999999865e-01,9.783333333333332771e-02
8.100000000000000000e+02,1.409999999999999865e-01,9.799999999999997602e-02
8.150000000000000000e+02,1.409999999999999865e-01,9.783333333333332771e-02
8.200000000000000000e+02,1.409999999999999865e-01,9.716666666666665120e-02
8.250000000000000000e+02,1.409999999999999865e-01,9.633333333333332638e-02
8.300000000000000000e+02,1.429999999999999882e-01,9.600000000000000200e-02
8.350000000000000000e+02,1.449999999999999900e-01,9.566666666666664987e-02
8.400000000000000000e+02,1.449999999999999900e-01,9.516666666666664942e-02
8.450000000000000000e+02,1.459999999999999909e-01,9.533333333333332549e-02
8.500000000000000000e+02,1.459999999999999909e-01,9.450000000000000067e-02
8.550000000000000000e+02,1.469999999999999918e-01,9.500000000000000111e-02
8.600000000000000000e+02,1.469999999999999918e-01,9.349999999999999978e-02
8.650000000000000000e+02,1.489999999999999936e-01,9.349999999999999978e-02
8.700000000000000000e+02,1.519999999999999962e-01,9.349999999999999978e-02
8.750000000000000000e+02,1.549999999999999989e-01,9.383333333333332416e-02
8.800000000000000000e+02,1.529999999999999971e-01,9.266666666666667496e-02
8.850000000000000000e+02,1.509999999999999953e-01,9.149999999999999800e-02
8.900000000000000000e+02,1.499999999999999944e-01,9.083333333333332149e-02
8.950000000000000000e+02,1.509999999999999953e-01,9.099999999999999756e-02
9.000000000000000000e+02,1.509999999999999953e-01,8.983333333333332060e-02
9.050000000000000000e+02,1.519999999999999962e-01,8.933333333333333404e-02
9.100000000000000000e+02,1.539999999999999980e-01,8.883333333333333359e-02
9.150000000000000000e+02,1.570000000000000007e-01,8.883333333333333359e-02
9.200000000000000000e+02,1.600000000000000033e-01,8.816666666666667096e-02
9.250000000000000000e+02,1.660000000000000087e-01,8.700000000000000788e-02
9.300000000000000000e+02,1.749999999999999889e-01,8.666666666666666963e-02
9.350000000000000000e+02,1.859999999999999987e-01,8.500000000000000611e-02
9.400000000000000000e+02,1.980000000000000093e-01,8.416666666666666741e-02
9.450000000000000000e+02,2.169999999999999984e-01,8.383333333333331527e-02
9.500000000000000000e+02,2.419999999999999929e-01,8.216666666666663787e-02
9.550000000000000000e+02,2.730000000000000204e-01,8.083333333333334036e-02
9.600000000000000000e+02,2.979999999999999871e-01,7.883333333333333859e-02
9.650000000000000000e+02,3.089999999999999969e-01,7.899999999999998690e-02
9.700000000000000000e+02,3.130000000000000004e-01,7.800000000000001377e-02
9.750000000000000000e+02,3.160000000000000031e-01,7.833333333333333814e-02
9.800000000000000000e+02,3.150000000000000022e-01,7.800000000000004152e-02
9.850000000000000000e+02,3.099999999999999978e-01,7.716666666666666119e-02
9.900000000000000000e+02,3.019999999999999907e-01,7.783333333333328219e-02
9.950000000000000000e+02,2.969999999999999862e-01,7.716666666666666119e-02
