wavelength,absorbance,subtracted_absorbance
3.000000000000000000e+02,1.076000000000000068e+00,4.191666666666665764e-01
3.050000000000000000e+02,9.320000000000000506e-01,4.181666666666667975e-01
3.100000000000000000e+02,8.619999999999999885e-01,4.096666666666666790e-01
3.150000000000000000e+02,8.139999999999999458e-01,4.003333333333333188e-01
3.200000000000000000e+02,7.660000000000000142e-01,3.906666666666667176e-01
3.250000000000000000e+02,7.249999999999999778e-01,3.815000000000000613e-01
3.300000000000000000e+02,6.889999999999999458e-01,3.726666666666665906e-01
3.350000000000000000e+02,6.530000000000000249e-01,3.648333333333333983e-01
3.400000000000000000e+02,6.239999999999999991e-01,3.588333333333332820e-01
3.450000000000000000e+02,6.029999999999999805e-01,3.539999999999999813e-01
3.500000000000000000e+02,5.889999999999999680e-01,3.508333333333333304e-01
3.550000000000000000e+02,5.769999999999999574e-01,3.489999999999999769e-01
3.600000000000000000e+02,5.600000000000000533e-01,3.466666666666666785e-01
3.650000000000000000e+02,5.340000000000000302e-01,3.446666666666666767e-01
3.700000000000000000e+02,4.739999999999999769e-01,3.368333333333333179e-01
3.750000000000000000e+02,4.189999999999999836e-01,3.310000000000000164e-01
3.800000000000000000e+02,3.960000000000000187e-01,3.271666666666666612e-01
3.850000000000000000e+02,3.830000000000000071e-01,3.231666666666666576e-01
3.900000000000000000e+02,3.750000000000000000e-01,3.195000000000000062e-01
3.950000000000000000e+02,3.689999999999999947e-01,3.161666666666666514e-01
4.000000000000000000e+02,3.639999999999999902e-01,3.131666666666666488e-01
4.050000000000000000e+02,3.579999999999999849e-01,3.088333333333332931e-01
4.100000000000000000e+02,3.529999999999999805e-01,3.048333333333332895e-01
4.150000000000000000e+02,3.489999999999999769e-01,3.018333333333332869e-01
4.200000000000000000e+02,3.449999999999999734e-01,2.989999999999999880e-01
4.250000000000000000e+02,3.410000000000000253e-01,2.955000000000000404e-01
4.300000000000000000e+02,3.370000000000000218e-01,2.925000000000000377e-01
4.350000000000000000e+02,3.330000000000000182e-01,2.893333333333333313e-01
4.400000000000000000e+02,3.300000000000000155e-01,2.868333333333333290e-01
4.450000000000000000e+02,3.270000000000000129e-01,2.846666666666666790e-01
4.500000000000000000e+02,3.250000000000000111e-01,2.830000000000000293e-01
4.550000000000000000e+02,3.230000000000000093e-01,2.815000000000000280e-01
4.600000000000000000e+02,3.210000000000000075e-01,2.800000000000000266e-01
4.650000000000000000e+02,3.200000000000000067e-01,2.796666666666666745e-01
4.700000000000000000e+02,3.200000000000000067e-01,2.800000000000000266e-01
4.750000000000000000e+02,3.210000000000000075e-01,2.813333333333333242e-01
4.800000000000000000e+02,3.230000000000000093e-01,2.836666666666666781e-01
4.850000000000000000e+02,3.270000000000000129e-01,2.878333333333333299e-01
4.900000000000000000e+02,3.340000000000000191e-01,2.951666666666666883e-01
4.950000000000000000e+02,3.430000000000000271e-01,3.043333333333333446e-01
5.000000000000000000e+02,3.549999999999999822e-01,3.163333333333332997e-01
5.050000000000000000e+02,3.689999999999999947e-01,3.306666666666666643e-01
5.100000000000000000e+02,3.840000000000000080e-01,3.456666666666666776e-01
5.150000000000000000e+02,3.980000000000000204e-01,3.595000000000000417e-01
5.200000000000000000e+02,4.129999999999999782e-01,3.744999999999999996e-01
5.250000000000000000e+02,4.259999999999999898e-01,3.876666666666666594e-01
5.300000000000000000e+02,4.359999999999999987e-01,3.975000000000000200e-01
5.350000000000000000e+02,4.460000000000000075e-01,4.073333333333333250e-01
5.400000000000000000e+02,4.540000000000000147e-01,4.151666666666666838e-01
5.450000000000000000e+02,4.600000000000000200e-01,4.211666666666666892e-01
5.500000000000000000e+02,4.640000000000000235e-01,4.251666666666666927e-01
5.550000000000000000e+02,4.660000000000000253e-01,4.270000000000000462e-01
5.600000000000000000e+02,4.670000000000000262e-01,4.281666666666666954e-01
5.650000000000000000e+02,4.670000000000000262e-01,4.278333333333333433e-01
5.700000000000000000e+02,4.650000000000000244e-01,4.258333333333333415e-01
5.750000000000000000e+02,4.630000000000000226e-01,4.238333333333333397e-01
5.800000000000000000e+02,4.590000000000000191e-01,4.198333333333333361e-01
5.850000000000000000e+02,4.550000000000000155e-01,4.158333333333333326e-01
5.900000000000000000e+02,4.500000000000000111e-01,4.103333333333333277e-01
5.950000000000000000e+02,4.460000000000000075e-01,4.065000000000000280e-01
6.000000000000000000e+02,4.410000000000000031e-01,4.011666666666666714e-01
6.050000000000000000e+02,4.349999999999999978e-01,3.951666666666666661e-01
6.100000000000000000e+02,4.299999999999999933e-01,3.901666666666666616e-01
6.150000000000000000e+02,4.239999999999999880e-01,3.845000000000000084e-01
6.200000000000000000e+02,4.189999999999999836e-01,3.796666666666666523e-01
6.250000000000000000e+02,4.129999999999999782e-01,3.736666666666666470e-01
6.300000000000000000e+02,4.079999999999999738e-01,3.688333333333332908e-01
6.350000000000000000e+02,4.030000000000000249e-01,3.638333333333333419e-01
6.400000000000000000e+02,3.980000000000000204e-01,3.591666666666666896e-01
6.450000000000000000e+02,3.930000000000000160e-01,3.541666666666666852e-01
6.500000000000000000e+02,3.890000000000000124e-01,3.503333333333333299e-01
6.550000000000000000e+02,3.840000000000000080e-01,3.453333333333333255e-01
6.600000000000000000e+02,3.790000000000000036e-01,3.401666666666666727e-01
6.650000000000000000e+02,3.750000000000000000e-01,3.363333333333333175e-01
6.700000000000000000e+02,3.699999999999999956e-01,3.315000000000000169e-01
6.750000000000000000e+02,3.649999999999999911e-01,3.265000000000000124e-01
6.800000000000000000e+02,3.609999999999999876e-01,3.226666666666666572e-01
6.850000000000000000e+02,3.559999999999999831e-01,3.176666666666666528e-01
6.900000000000000000e+02,3.519999999999999796e-01,3.138333333333332975e-01
6.950000000000000000e+02,3.479999999999999760e-01,3.096666666666666456e-01
7.000000000000000000e+02,3.430000000000000271e-01,3.045000000000000484e-01
7.050000000000000000e+02,3.390000000000000235e-01,2.996666666666666923e-01
7.100000000000000000e+02,3.360000000000000209e-01,2.953333333333333366e-01
7.150000000000000000e+02,3.330000000000000182e-01,2.913333333333333330e-01
7.200000000000000000e+02,3.290000000000000147e-01,2.871666666666666812e-01
7.250000000000000000e+02,3.260000000000000120e-01,2.833333333333333259e-01
7.300000000000000000e+02,3.240000000000000102e-01,2.795000000000000262e-01
7.350000000000000000e+02,3.210000000000000075e-01,2.745000000000000218e-01
7.400000000000000000e+02,3.180000000000000049e-01,2.710000000000000187e-01
7.450000000000000000e+02,3.140000000000000013e-01,2.668333333333333668e-01
7.500000000000000000e+02,3.099999999999999978e-01,2.628333333333333632e-01
7.550000000000000000e+02,3.059999999999999942e-01,2.588333333333333597e-01
7.600000000000000000e+02,3.029999999999999916e-01,2.558333333333333570e-01
7.650000000000000000e+02,2.989999999999999880e-01,2.521666666666666501e-01
7.700000000000000000e+02,2.949999999999999845e-01,2.484999999999999987e-01
7.750000000000000000e+02,2.899999999999999800e-01,2.438333333333333186e-01
7.800000000000000000e+02,2.859999999999999765e-01,2.404999999999999916e-01
7.850000000000000000e+02,2.819999999999999729e-01,2.368333333333333124e-01
7.900000000000000000e+02,2.780000000000000249e-01,2.336666666666666892e-01
7.950000000000000000e+02,2.740000000000000213e-01,2.300000000000000377e-01
8.000000000000000000e+02,2.700000000000000178e-01,2.268333333333333590e-01
8.050000000000000000e+02,2.660000000000000142e-01,2.228333333333333555e-01
8.100000000000000000e+02,2.620000000000000107e-01,2.190000000000000002e-01
8.150000000000000000e+02,2.590000000000000080e-01,2.158333333333333492e-01
8.200000000000000000e+02,2.560000000000000053e-01,2.121666666666666701e-01
8.250000000000000000e+02,2.540000000000000036e-01,2.093333333333333435e-01
8.300000000000000000e+02,2.520000000000000018e-01,2.050000000000000155e-01
8.350000000000000000e+02,2.510000000000000009e-01,2.016666666666666607e-01
8.400000000000000000e+02,2.479999999999999982e-01,1.981666666666666576e-01
8.450000000000000000e+02,2.459999999999999964e-01,1.953333333333333310e-01
8.500000000000000000e+02,2.429999999999999938e-01,1.915000000000000036e-01
8.550000000000000000e+02,2.409999999999999920e-01,1.890000000000000013e-01
8.600000000000000000e+02,2.389999999999999902e-01,1.854999999999999982e-01
8.650000000000000000e+02,2.369999999999999885e-01,1.814999999999999947e-01
8.700000000000000000e+02,2.369999999999999885e-01,1.784999999999999920e-01
8.750000000000000000e+02,2.369999999999999885e-01,1.758333333333333137e-01
8.800000000000000000e+02,2.320000000000000118e-01,1.716666666666666896e-01
8.850000000000000000e+02,2.290000000000000091e-01,1.695000000000000118e-01
8.900000000000000000e+02,2.250000000000000056e-01,1.658333333333333326e-01
8.950000000000000000e+02,2.230000000000000038e-01,1.630000000000000060e-01
9.000000000000000000e+02,2.210000000000000020e-01,1.598333333333333273e-01
9.050000000000000000e+02,2.200000000000000011e-01,1.573333333333333250e-01
9.100000000000000000e+02,2.190000000000000002e-01,1.538333333333333219e-01
9.150000000000000000e+02,2.179999999999999993e-01,1.498333333333333184e-01
9.200000000000000000e+02,2.200000000000000011e-01,1.481666666666666687e-01
9.250000000000000000e+02,2.240000000000000047e-01,1.450000000000000178e-01
9.300000000000000000e+02,2.300000000000000100e-01,1.416666666666666907e-01
9.350000000000000000e+02,2.379999999999999893e-01,1.370000000000000107e-01
9.400000000000000000e+02,2.469999999999999973e-01,1.331666666666666554e-01
9.450000000000000000e+02,2.630000000000000115e-01,1.298333333333333284e-01
9.500000000000000000e+02,2.849999999999999756e-01,1.251666666666666206e-01
9.550000000000000000e+02,3.130000000000000004e-01,1.208333333333333204e-01
9.600000000000000000e+02,3.350000000000000200e-01,1.158333333333333715e-01
9.650000000000000000e+02,3.420000000000000262e-01,1.120000000000000162e-01
9.700000000000000000e+02,3.439999999999999725e-01,1.089999999999999858e-01
9.750000000000000000e+02,3.439999999999999725e-01,1.063333333333333075e-01
9.800000000000000000e+02,3.410000000000000253e-01,1.040000000000000646e-01
9.850000000000000000e+02,3.340000000000000191e-01,1.011666666666666825e-01
9.900000000000000000e+02,3.240000000000000102e-01,9.983333333333330173e-02
9.950000000000000000e+02,3.180000000000000049e-01,9.816666666666667984e-02
