wavelength,absorbance,subtracted_absorbance
3.000000000000000000e+02,7.009999999999999565e-01,4.416666666666646535e-02
3.050000000000000000e+02,5.590000000000000524e-01,4.516666666666679930e-02
3.100000000000000000e+02,4.969999999999999973e-01,4.466666666666668783e-02
3.150000000000000000e+02,4.570000000000000173e-01,4.333333333333339032e-02
3.200000000000000000e+02,4.159999999999999809e-01,4.066666666666668428e-02
3.250000000000000000e+02,3.830000000000000071e-01,3.950000000000009059e-02
3.300000000000000000e+02,3.529999999999999805e-01,3.666666666666662522e-02
3.350000000000000000e+02,3.240000000000000102e-01,3.583333333333338366e-02
3.400000000000000000e+02,2.999999999999999889e-01,3.483333333333327175e-02
3.450000000000000000e+02,2.829999999999999738e-01,3.400000000000000244e-02
3.500000000000000000e+02,2.720000000000000195e-01,3.383333333333338189e-02
3.550000000000000000e+02,2.620000000000000107e-01,3.400000000000003020e-02
3.600000000000000000e+02,2.469999999999999973e-01,3.366666666666665031e-02
3.650000000000000000e+02,2.210000000000000020e-01,3.166666666666667629e-02
3.700000000000000000e+02,1.600000000000000033e-01,2.283333333333331661e-02
3.750000000000000000e+02,1.000000000000000056e-01,1.200000000000002454e-02
3.800000000000000000e+02,7.699999999999999900e-02,8.166666666666655416e-03
3.850000000000000000e+02,6.700000000000000400e-02,7.166666666666675345e-03
3.900000000000000000e+02,6.199999999999999956e-02,6.499999999999998834e-03
3.950000000000000000e+02,5.899999999999999689e-02,6.166666666666660579e-03
4.000000000000000000e+02,5.700000000000000205e-02,6.166666666666667518e-03
4.050000000000000000e+02,5.500000000000000028e-02,5.833333333333336201e-03
4.100000000000000000e+02,5.399999999999999939e-02,5.833333333333336201e-03
4.150000000000000000e+02,5.299999999999999850e-02,5.833333333333336201e-03
4.200000000000000000e+02,5.199999999999999761e-02,6.000000000000005329e-03
4.250000000000000000e+02,5.099999999999999672e-02,5.500000000000004885e-03
4.300000000000000000e+02,5.000000000000000278e-02,5.500000000000011824e-03
4.350000000000000000e+02,4.900000000000000189e-02,5.333333333333342696e-03
4.400000000000000000e+02,4.800000000000000100e-02,4.833333333333335313e-03
4.450000000000000000e+02,4.700000000000000011e-02,4.666666666666666186e-03
4.500000000000000000e+02,4.599999999999999922e-02,3.999999999999996614e-03
4.550000000000000000e+02,4.499999999999999833e-02,3.499999999999996170e-03
4.600000000000000000e+02,4.399999999999999745e-02,2.999999999999995726e-03
4.650000000000000000e+02,4.299999999999999656e-02,2.666666666666657470e-03
4.700000000000000000e+02,4.299999999999999656e-02,2.999999999999995726e-03
4.750000000000000000e+02,4.200000000000000261e-02,2.333333333333333093e-03
4.800000000000000000e+02,4.200000000000000261e-02,2.666666666666664409e-03
4.850000000000000000e+02,4.100000000000000172e-02,1.833333333333332649e-03
4.900000000000000000e+02,4.100000000000000172e-02,2.166666666666663965e-03
4.950000000000000000e+02,4.000000000000000083e-02,1.333333333333332205e-03
5.000000000000000000e+02,4.000000000000000083e-02,1.333333333333332205e-03
5.050000000000000000e+02,4.000000000000000083e-02,1.666666666666663521e-03
5.100000000000000000e+02,4.000000000000000083e-02,1.666666666666663521e-03
5.150000000000000000e+02,4.000000000000000083e-02,1.500000000000001332e-03
5.200000000000000000e+02,4.000000000000000083e-02,1.500000000000001332e-03
5.250000000000000000e+02,4.000000000000000083e-02,1.666666666666663521e-03
5.300000000000000000e+02,4.000000000000000083e-02,1.500000000000001332e-03
5.350000000000000000e+02,4.000000000000000083e-02,1.333333333333332205e-03
5.400000000000000000e+02,4.000000000000000083e-02,1.166666666666663077e-03
5.450000000000000000e+02,4.000000000000000083e-02,1.166666666666663077e-03
5.500000000000000000e+02,4.000000000000000083e-02,1.166666666666663077e-03
5.550000000000000000e+02,4.100000000000000172e-02,2.000000000000001776e-03
5.600000000000000000e+02,4.100000000000000172e-02,2.166666666666663965e-03
5.650000000000000000e+02,4.100000000000000172e-02,1.833333333333332649e-03
5.700000000000000000e+02,4.100000000000000172e-02,1.833333333333332649e-03
5.750000000000000000e+02,4.100000000000000172e-02,1.833333333333332649e-03
5.800000000000000000e+02,4.100000000000000172e-02,1.833333333333332649e-03
5.850000000000000000e+02,4.100000000000000172e-02,1.833333333333332649e-03
5.900000000000000000e+02,4.100000000000000172e-02,1.333333333333332205e-03
5.950000000000000000e+02,4.200000000000000261e-02,2.500000000000002220e-03
6.000000000000000000e+02,4.200000000000000261e-02,2.166666666666663965e-03
6.050000000000000000e+02,4.200000000000000261e-02,2.166666666666663965e-03
6.100000000000000000e+02,4.200000000000000261e-02,2.166666666666663965e-03
6.150000000000000000e+02,4.200000000000000261e-02,2.500000000000002220e-03
6.200000000000000000e+02,4.200000000000000261e-02,2.666666666666664409e-03
6.250000000000000000e+02,4.200000000000000261e-02,2.666666666666664409e-03
6.300000000000000000e+02,4.200000000000000261e-02,2.833333333333333537e-03
6.350000000000000000e+02,4.200000000000000261e-02,2.833333333333333537e-03
6.400000000000000000e+02,4.100000000000000172e-02,2.166666666666663965e-03
6.450000000000000000e+02,4.100000000000000172e-02,2.166666666666663965e-03
6.500000000000000000e+02,4.100000000000000172e-02,2.333333333333333093e-03
6.550000000000000000e+02,4.100000000000000172e-02,2.333333333333333093e-03
6.600000000000000000e+02,4.100000000000000172e-02,2.166666666666663965e-03
6.650000000000000000e+02,4.100000000000000172e-02,2.333333333333333093e-03
6.700000000000000000e+02,4.100000000000000172e-02,2.500000000000002220e-03
6.750000000000000000e+02,4.100000000000000172e-02,2.500000000000002220e-03
6.800000000000000000e+02,4.100000000000000172e-02,2.666666666666664409e-03
6.850000000000000000e+02,4.100000000000000172e-02,2.666666666666664409e-03
6.900000000000000000e+02,4.100000000000000172e-02,2.833333333333333537e-03
6.950000000000000000e+02,4.100000000000000172e-02,2.666666666666664409e-03
7.000000000000000000e+02,4.100000000000000172e-02,2.500000000000002220e-03
7.050000000000000000e+02,4.200000000000000261e-02,2.666666666666664409e-03
7.100000000000000000e+02,4.299999999999999656e-02,2.333333333333333093e-03
7.150000000000000000e+02,4.399999999999999745e-02,2.333333333333333093e-03
7.200000000000000000e+02,4.399999999999999745e-02,2.166666666666663965e-03
7.250000000000000000e+02,4.499999999999999833e-02,2.333333333333333093e-03
7.300000000000000000e+02,4.599999999999999922e-02,1.500000000000008271e-03
7.350000000000000000e+02,4.800000000000000100e-02,1.500000000000008271e-03
7.400000000000000000e+02,4.900000000000000189e-02,2.000000000000008715e-03
7.450000000000000000e+02,4.900000000000000189e-02,1.833333333333339588e-03
7.500000000000000000e+02,4.900000000000000189e-02,1.833333333333339588e-03
7.550000000000000000e+02,4.900000000000000189e-02,1.833333333333339588e-03
7.600000000000000000e+02,4.800000000000000100e-02,8.333333333333386994e-04
7.650000000000000000e+02,4.800000000000000100e-02,1.166666666666670016e-03
7.700000000000000000e+02,4.800000000000000100e-02,1.500000000000008271e-03
7.750000000000000000e+02,4.700000000000000011e-02,8.333333333333386994e-04
7.800000000000000000e+02,4.700000000000000011e-02,1.500000000000008271e-03
7.850000000000000000e+02,4.599999999999999922e-02,8.333333333333386994e-04
7.900000000000000000e+02,4.599999999999999922e-02,1.666666666666670460e-03
7.950000000000000000e+02,4.499999999999999833e-02,1.000000000000007827e-03
8.000000000000000000e+02,4.499999999999999833e-02,1.833333333333332649e-03
8.050000000000000000e+02,4.399999999999999745e-02,8.333333333333317605e-04
8.100000000000000000e+02,4.399999999999999745e-02,9.999999999999939493e-04
8.150000000000000000e+02,4.399999999999999745e-02,8.333333333333317605e-04
8.200000000000000000e+02,4.499999999999999833e-02,1.166666666666670016e-03
8.250000000000000000e+02,4.599999999999999922e-02,1.333333333333339144e-03
8.300000000000000000e+02,4.800000000000000100e-02,1.000000000000007827e-03
8.350000000000000000e+02,5.000000000000000278e-02,6.666666666666695718e-04
8.400000000000000000e+02,5.099999999999999672e-02,1.166666666666663077e-03
8.450000000000000000e+02,5.099999999999999672e-02,3.333333333333313164e-04
8.500000000000000000e+02,5.199999999999999761e-02,5.000000000000004441e-04
8.550000000000000000e+02,5.199999999999999761e-02,0.000000000000000000e+00
8.600000000000000000e+02,5.299999999999999850e-02,-5.000000000000004441e-04
8.650000000000000000e+02,5.500000000000000028e-02,-5.000000000000004441e-04
8.700000000000000000e+02,5.800000000000000294e-02,-4.999999999999935052e-04
8.750000000000000000e+02,6.099999999999999867e-02,-1.666666666666691277e-04
8.800000000000000000e+02,5.999999999999999778e-02,-3.333333333333313164e-04
8.850000000000000000e+02,5.899999999999999689e-02,-5.000000000000004441e-04
8.900000000000000000e+02,5.899999999999999689e-02,-1.666666666666691277e-04
8.950000000000000000e+02,5.999999999999999778e-02,0.000000000000000000e+00
9.000000000000000000e+02,6.099999999999999867e-02,-1.666666666666691277e-04
9.050000000000000000e+02,6.199999999999999956e-02,-6.666666666666626329e-04
9.100000000000000000e+02,6.400000000000000133e-02,-1.166666666666663077e-03
9.150000000000000000e+02,6.700000000000000400e-02,-1.166666666666663077e-03
9.200000000000000000e+02,7.099999999999999367e-02,-8.333333333333386994e-04
9.250000000000000000e+02,7.799999999999999989e-02,-1.000000000000000888e-03
9.300000000000000000e+02,8.699999999999999400e-02,-1.333333333333325266e-03
9.350000000000000000e+02,9.800000000000000377e-02,-2.999999999999988787e-03
9.400000000000000000e+02,1.110000000000000014e-01,-2.833333333333340476e-03
9.450000000000000000e+02,1.290000000000000036e-01,-4.166666666666679619e-03
9.500000000000000000e+02,1.539999999999999980e-01,-5.833333333333357018e-03
9.550000000000000000e+02,1.859999999999999987e-01,-6.166666666666681396e-03
9.600000000000000000e+02,2.119999999999999940e-01,-7.166666666666654528e-03
9.650000000000000000e+02,2.220000000000000029e-01,-8.000000000000007105e-03
9.700000000000000000e+02,2.260000000000000064e-01,-8.999999999999980238e-03
9.750000000000000000e+02,2.280000000000000082e-01,-9.666666666666656749e-03
9.800000000000000000e+02,2.280000000000000082e-01,-8.999999999999952482e-03
9.850000000000000000e+02,2.230000000000000038e-01,-9.833333333333332815e-03
9.900000000000000000e+02,2.139999999999999958e-01,-1.016666666666671270e-02
9.950000000000000000e+02,2.099999999999999922e-01,-9.833333333333332815e-03
