wavelength,absorbance,subtracted_absorbance
3.000000000000000000e+02,6.620000000000000329e-01,5.166666666666541730e-03
3.050000000000000000e+02,5.260000000000000231e-01,1.216666666666676999e-02
3.100000000000000000e+02,4.670000000000000262e-01,1.466666666666671670e-02
3.150000000000000000e+02,4.289999999999999925e-01,1.533333333333336546e-02
3.200000000000000000e+02,3.910000000000000142e-01,1.566666666666671759e-02
3.250000000000000000e+02,3.589999999999999858e-01,1.550000000000006928e-02
3.300000000000000000e+02,3.340000000000000191e-01,1.766666666666666385e-02
3.350000000000000000e+02,3.049999999999999933e-01,1.683333333333336679e-02
3.400000000000000000e+02,2.829999999999999738e-01,1.783333333333325665e-02
3.450000000000000000e+02,2.670000000000000151e-01,1.800000000000004374e-02
3.500000000000000000e+02,2.570000000000000062e-01,1.883333333333336856e-02
3.550000000000000000e+02,2.479999999999999982e-01,2.000000000000001776e-02
3.600000000000000000e+02,2.330000000000000127e-01,1.966666666666666563e-02
3.650000000000000000e+02,2.069999999999999896e-01,1.766666666666666385e-02
3.700000000000000000e+02,1.499999999999999944e-01,1.283333333333330772e-02
3.750000000000000000e+02,9.199999999999999845e-02,4.000000000000017431e-03
3.800000000000000000e+02,7.099999999999999367e-02,2.166666666666650087e-03
3.850000000000000000e+02,6.199999999999999956e-02,2.166666666666670904e-03
3.900000000000000000e+02,5.800000000000000294e-02,2.500000000000002220e-03
3.950000000000000000e+02,5.500000000000000028e-02,2.166666666666663965e-03
4.000000000000000000e+02,5.299999999999999850e-02,2.166666666666663965e-03
4.050000000000000000e+02,5.099999999999999672e-02,1.833333333333332649e-03
4.100000000000000000e+02,5.000000000000000278e-02,1.833333333333339588e-03
4.150000000000000000e+02,4.900000000000000189e-02,1.833333333333339588e-03
4.200000000000000000e+02,4.800000000000000100e-02,2.000000000000008715e-03
4.250000000000000000e+02,4.700000000000000011e-02,1.500000000000008271e-03
4.300000000000000000e+02,4.599999999999999922e-02,1.500000000000008271e-03
4.350000000000000000e+02,4.599999999999999922e-02,2.333333333333340032e-03
4.400000000000000000e+02,4.599999999999999922e-02,2.833333333333333537e-03
4.450000000000000000e+02,4.499999999999999833e-02,2.666666666666664409e-03
4.500000000000000000e+02,4.599999999999999922e-02,3.999999999999996614e-03
4.550000000000000000e+02,4.599999999999999922e-02,4.499999999999997058e-03
4.600000000000000000e+02,4.499999999999999833e-02,3.999999999999996614e-03
4.650000000000000000e+02,4.499999999999999833e-02,4.666666666666659247e-03
4.700000000000000000e+02,4.499999999999999833e-02,4.999999999999997502e-03
4.750000000000000000e+02,4.399999999999999745e-02,4.333333333333327930e-03
4.800000000000000000e+02,4.399999999999999745e-02,4.666666666666659247e-03
4.850000000000000000e+02,4.299999999999999656e-02,3.833333333333327486e-03
4.900000000000000000e+02,4.299999999999999656e-02,4.166666666666658803e-03
4.950000000000000000e+02,4.200000000000000261e-02,3.333333333333333981e-03
5.000000000000000000e+02,4.200000000000000261e-02,3.333333333333333981e-03
5.050000000000000000e+02,4.100000000000000172e-02,2.666666666666664409e-03
5.100000000000000000e+02,4.100000000000000172e-02,2.666666666666664409e-03
5.150000000000000000e+02,4.000000000000000083e-02,1.500000000000001332e-03
5.200000000000000000e+02,4.000000000000000083e-02,1.500000000000001332e-03
5.250000000000000000e+02,4.000000000000000083e-02,1.666666666666663521e-03
5.300000000000000000e+02,4.000000000000000083e-02,1.500000000000001332e-03
5.350000000000000000e+02,4.000000000000000083e-02,1.333333333333332205e-03
5.400000000000000000e+02,4.000000000000000083e-02,1.166666666666663077e-03
5.450000000000000000e+02,4.000000000000000083e-02,1.166666666666663077e-03
5.500000000000000000e+02,4.000000000000000083e-02,1.166666666666663077e-03
5.550000000000000000e+02,4.000000000000000083e-02,1.000000000000000888e-03
5.600000000000000000e+02,4.000000000000000083e-02,1.166666666666663077e-03
5.650000000000000000e+02,4.100000000000000172e-02,1.833333333333332649e-03
5.700000000000000000e+02,4.100000000000000172e-02,1.833333333333332649e-03
5.750000000000000000e+02,4.100000000000000172e-02,1.833333333333332649e-03
5.800000000000000000e+02,4.100000000000000172e-02,1.833333333333332649e-03
5.850000000000000000e+02,4.100000000000000172e-02,1.833333333333332649e-03
5.900000000000000000e+02,4.200000000000000261e-02,2.333333333333333093e-03
5.950000000000000000e+02,4.200000000000000261e-02,2.500000000000002220e-03
6.000000000000000000e+02,4.200000000000000261e-02,2.166666666666663965e-03
6.050000000000000000e+02,4.200000000000000261e-02,2.166666666666663965e-03
6.100000000000000000e+02,4.200000000000000261e-02,2.166666666666663965e-03
6.150000000000000000e+02,4.299999999999999656e-02,3.499999999999996170e-03
6.200000000000000000e+02,4.200000000000000261e-02,2.666666666666664409e-03
6.250000000000000000e+02,4.200000000000000261e-02,2.666666666666664409e-03
6.300000000000000000e+02,4.200000000000000261e-02,2.833333333333333537e-03
6.350000000000000000e+02,4.200000000000000261e-02,2.833333333333333537e-03
6.400000000000000000e+02,4.200000000000000261e-02,3.166666666666664853e-03
6.450000000000000000e+02,4.100000000000000172e-02,2.166666666666663965e-03
6.500000000000000000e+02,4.100000000000000172e-02,2.333333333333333093e-03
6.550000000000000000e+02,4.100000000000000172e-02,2.333333333333333093e-03
6.600000000000000000e+02,4.100000000000000172e-02,2.166666666666663965e-03
6.650000000000000000e+02,4.100000000000000172e-02,2.333333333333333093e-03
6.700000000000000000e+02,4.000000000000000083e-02,1.500000000000001332e-03
6.750000000000000000e+02,4.000000000000000083e-02,1.500000000000001332e-03
6.800000000000000000e+02,4.000000000000000083e-02,1.666666666666663521e-03
6.850000000000000000e+02,4.000000000000000083e-02,1.666666666666663521e-03
6.900000000000000000e+02,3.899999999999999994e-02,8.333333333333317605e-04
6.950000000000000000e+02,3.899999999999999994e-02,6.666666666666626329e-04
7.000000000000000000e+02,3.899999999999999994e-02,5.000000000000004441e-04
7.050000000000000000e+02,4.000000000000000083e-02,6.666666666666626329e-04
7.100000000000000000e+02,4.100000000000000172e-02,3.333333333333382553e-04
7.150000000000000000e+02,4.100000000000000172e-02,-6.666666666666626329e-04
7.200000000000000000e+02,4.200000000000000261e-02,1.666666666666691277e-04
7.250000000000000000e+02,4.200000000000000261e-02,-6.666666666666626329e-04
7.300000000000000000e+02,4.399999999999999745e-02,-4.999999999999935052e-04
7.350000000000000000e+02,4.599999999999999922e-02,-4.999999999999935052e-04
7.400000000000000000e+02,4.599999999999999922e-02,-9.999999999999939493e-04
7.450000000000000000e+02,4.700000000000000011e-02,-1.666666666666621888e-04
7.500000000000000000e+02,4.599999999999999922e-02,-1.166666666666663077e-03
7.550000000000000000e+02,4.700000000000000011e-02,-1.666666666666621888e-04
7.600000000000000000e+02,4.700000000000000011e-02,-1.666666666666621888e-04
7.650000000000000000e+02,4.599999999999999922e-02,-8.333333333333317605e-04
7.700000000000000000e+02,4.599999999999999922e-02,-4.999999999999935052e-04
7.750000000000000000e+02,4.599999999999999922e-02,-1.666666666666621888e-04
7.800000000000000000e+02,4.599999999999999922e-02,5.000000000000073830e-04
7.850000000000000000e+02,4.499999999999999833e-02,-1.666666666666621888e-04
7.900000000000000000e+02,4.499999999999999833e-02,6.666666666666695718e-04
7.950000000000000000e+02,4.399999999999999745e-02,6.938893903907228378e-18
8.000000000000000000e+02,4.399999999999999745e-02,8.333333333333317605e-04
8.050000000000000000e+02,4.399999999999999745e-02,8.333333333333317605e-04
8.100000000000000000e+02,4.399999999999999745e-02,9.999999999999939493e-04
8.150000000000000000e+02,4.399999999999999745e-02,8.333333333333317605e-04
8.200000000000000000e+02,4.499999999999999833e-02,1.166666666666670016e-03
8.250000000000000000e+02,4.599999999999999922e-02,1.333333333333339144e-03
8.300000000000000000e+02,4.900000000000000189e-02,2.000000000000008715e-03
8.350000000000000000e+02,5.099999999999999672e-02,1.666666666666663521e-03
8.400000000000000000e+02,5.199999999999999761e-02,2.166666666666663965e-03
8.450000000000000000e+02,5.299999999999999850e-02,2.333333333333333093e-03
8.500000000000000000e+02,5.299999999999999850e-02,1.500000000000001332e-03
8.550000000000000000e+02,5.399999999999999939e-02,2.000000000000001776e-03
8.600000000000000000e+02,5.600000000000000117e-02,2.500000000000002220e-03
8.650000000000000000e+02,5.800000000000000294e-02,2.500000000000002220e-03
8.700000000000000000e+02,6.099999999999999867e-02,2.500000000000002220e-03
8.750000000000000000e+02,6.400000000000000133e-02,2.833333333333333537e-03
8.800000000000000000e+02,6.300000000000000044e-02,2.666666666666671348e-03
8.850000000000000000e+02,6.300000000000000044e-02,3.500000000000003109e-03
8.900000000000000000e+02,6.199999999999999956e-02,2.833333333333333537e-03
8.950000000000000000e+02,6.300000000000000044e-02,3.000000000000002665e-03
9.000000000000000000e+02,6.500000000000000222e-02,3.833333333333334425e-03
9.050000000000000000e+02,6.600000000000000311e-02,3.333333333333340920e-03
9.100000000000000000e+02,6.800000000000000488e-02,2.833333333333340476e-03
9.150000000000000000e+02,7.099999999999999367e-02,2.833333333333326598e-03
9.200000000000000000e+02,7.499999999999999722e-02,3.166666666666664853e-03
9.250000000000000000e+02,8.200000000000000344e-02,3.000000000000002665e-03
9.300000000000000000e+02,9.099999999999999756e-02,2.666666666666678287e-03
9.350000000000000000e+02,1.019999999999999934e-01,1.000000000000000888e-03
9.400000000000000000e+02,1.140000000000000041e-01,1.666666666666621888e-04
9.450000000000000000e+02,1.330000000000000071e-01,-1.666666666666760666e-04
9.500000000000000000e+02,1.580000000000000016e-01,-1.833333333333353465e-03
9.550000000000000000e+02,1.880000000000000004e-01,-4.166666666666679619e-03
9.600000000000000000e+02,2.129999999999999949e-01,-6.166666666666653640e-03
9.650000000000000000e+02,2.230000000000000038e-01,-7.000000000000006217e-03
9.700000000000000000e+02,2.280000000000000082e-01,-6.999999999999978462e-03
9.750000000000000000e+02,2.310000000000000109e-01,-6.666666666666654084e-03
9.800000000000000000e+02,2.300000000000000100e-01,-6.999999999999950706e-03
9.850000000000000000e+02,2.260000000000000064e-01,-6.833333333333330151e-03
9.900000000000000000e+02,2.179999999999999993e-01,-6.166666666666709151e-03
9.950000000000000000e+02,2.129999999999999949e-01,-6.833333333333330151e-03
