wavelength,absorbance,subtracted_absorbance
3.000000000000000000e+02,8.459999999999999742e-01,1.891666666666664831e-01
3.050000000000000000e+02,7.109999999999999654e-01,1.971666666666667123e-01
3.100000000000000000e+02,6.510000000000000231e-01,1.986666666666667136e-01
3.150000000000000000e+02,6.139999999999999902e-01,2.003333333333333632e-01
3.200000000000000000e+02,5.759999999999999565e-01,2.006666666666666599e-01
3.250000000000000000e+02,5.440000000000000391e-01,2.005000000000001226e-01
3.300000000000000000e+02,5.170000000000000151e-01,2.006666666666666599e-01
3.350000000000000000e+02,4.889999999999999902e-01,2.008333333333333637e-01
3.400000000000000000e+02,4.650000000000000244e-01,1.998333333333333073e-01
3.450000000000000000e+02,4.490000000000000102e-01,2.000000000000000389e-01
3.500000000000000000e+02,4.390000000000000013e-01,2.008333333333333637e-01
3.550000000000000000e+02,4.289999999999999925e-01,2.010000000000000120e-01
3.600000000000000000e+02,4.149999999999999800e-01,2.016666666666666330e-01
3.650000000000000000e+02,3.910000000000000142e-01,2.016666666666666885e-01
3.700000000000000000e+02,3.340000000000000191e-01,1.968333333333333324e-01
3.750000000000000000e+02,2.819999999999999729e-01,1.940000000000000058e-01
3.800000000000000000e+02,2.620000000000000107e-01,1.931666666666666532e-01
3.850000000000000000e+02,2.530000000000000027e-01,1.931666666666666810e-01
3.900000000000000000e+02,2.479999999999999982e-01,1.925000000000000044e-01
3.950000000000000000e+02,2.449999999999999956e-01,1.921666666666666523e-01
4.000000000000000000e+02,2.429999999999999938e-01,1.921666666666666523e-01
4.050000000000000000e+02,2.409999999999999920e-01,1.918333333333333279e-01
4.100000000000000000e+02,2.399999999999999911e-01,1.918333333333333279e-01
4.150000000000000000e+02,2.389999999999999902e-01,1.918333333333333279e-01
4.200000000000000000e+02,2.369999999999999885e-01,1.910000000000000031e-01
4.250000000000000000e+02,2.359999999999999876e-01,1.905000000000000027e-01
4.300000000000000000e+02,2.340000000000000135e-01,1.895000000000000295e-01
4.350000000000000000e+02,2.330000000000000127e-01,1.893333333333333535e-01
4.400000000000000000e+02,2.320000000000000118e-01,1.888333333333333530e-01
4.450000000000000000e+02,2.300000000000000100e-01,1.876666666666666761e-01
4.500000000000000000e+02,2.290000000000000091e-01,1.869999999999999996e-01
4.550000000000000000e+02,2.280000000000000082e-01,1.864999999999999991e-01
4.600000000000000000e+02,2.260000000000000064e-01,1.849999999999999978e-01
4.650000000000000000e+02,2.250000000000000056e-01,1.846666666666666734e-01
4.700000000000000000e+02,2.230000000000000038e-01,1.829999999999999960e-01
4.750000000000000000e+02,2.220000000000000029e-01,1.823333333333333472e-01
4.800000000000000000e+02,2.210000000000000020e-01,1.816666666666666707e-01
4.850000000000000000e+02,2.200000000000000011e-01,1.808333333333333459e-01
4.900000000000000000e+02,2.210000000000000020e-01,1.821666666666666712e-01
4.950000000000000000e+02,2.220000000000000029e-01,1.833333333333333481e-01
5.000000000000000000e+02,2.250000000000000056e-01,1.863333333333333508e-01
5.050000000000000000e+02,2.280000000000000082e-01,1.896666666666666778e-01
5.100000000000000000e+02,2.310000000000000109e-01,1.926666666666666805e-01
5.150000000000000000e+02,2.340000000000000135e-01,1.955000000000000071e-01
5.200000000000000000e+02,2.379999999999999893e-01,1.994999999999999829e-01
5.250000000000000000e+02,2.409999999999999920e-01,2.026666666666666616e-01
5.300000000000000000e+02,2.429999999999999938e-01,2.044999999999999873e-01
5.350000000000000000e+02,2.449999999999999956e-01,2.063333333333333131e-01
5.400000000000000000e+02,2.469999999999999973e-01,2.081666666666666665e-01
5.450000000000000000e+02,2.479999999999999982e-01,2.091666666666666674e-01
5.500000000000000000e+02,2.489999999999999991e-01,2.101666666666666683e-01
5.550000000000000000e+02,2.489999999999999991e-01,2.099999999999999922e-01
5.600000000000000000e+02,2.500000000000000000e-01,2.111666666666666692e-01
5.650000000000000000e+02,2.500000000000000000e-01,2.108333333333333171e-01
5.700000000000000000e+02,2.510000000000000009e-01,2.118333333333333179e-01
5.750000000000000000e+02,2.510000000000000009e-01,2.118333333333333179e-01
5.800000000000000000e+02,2.520000000000000018e-01,2.128333333333333188e-01
5.850000000000000000e+02,2.520000000000000018e-01,2.128333333333333188e-01
5.900000000000000000e+02,2.530000000000000027e-01,2.133333333333333193e-01
5.950000000000000000e+02,2.530000000000000027e-01,2.134999999999999953e-01
6.000000000000000000e+02,2.540000000000000036e-01,2.141666666666666718e-01
6.050000000000000000e+02,2.540000000000000036e-01,2.141666666666666718e-01
6.100000000000000000e+02,2.540000000000000036e-01,2.141666666666666718e-01
6.150000000000000000e+02,2.540000000000000036e-01,2.144999999999999962e-01
6.200000000000000000e+02,2.520000000000000018e-01,2.126666666666666705e-01
6.250000000000000000e+02,2.520000000000000018e-01,2.126666666666666705e-01
6.300000000000000000e+02,2.520000000000000018e-01,2.128333333333333188e-01
6.350000000000000000e+02,2.520000000000000018e-01,2.128333333333333188e-01
6.400000000000000000e+02,2.530000000000000027e-01,2.141666666666666718e-01
6.450000000000000000e+02,2.530000000000000027e-01,2.141666666666666718e-01
6.500000000000000000e+02,2.540000000000000036e-01,2.153333333333333210e-01
6.550000000000000000e+02,2.540000000000000036e-01,2.153333333333333210e-01
6.600000000000000000e+02,2.550000000000000044e-01,2.161666666666666736e-01
6.650000000000000000e+02,2.550000000000000044e-01,2.163333333333333219e-01
6.700000000000000000e+02,2.550000000000000044e-01,2.164999999999999980e-01
6.750000000000000000e+02,2.560000000000000053e-01,2.174999999999999989e-01
6.800000000000000000e+02,2.560000000000000053e-01,2.176666666666666750e-01
6.850000000000000000e+02,2.570000000000000062e-01,2.186666666666666758e-01
6.900000000000000000e+02,2.570000000000000062e-01,2.188333333333333242e-01
6.950000000000000000e+02,2.580000000000000071e-01,2.196666666666666767e-01
7.000000000000000000e+02,2.580000000000000071e-01,2.195000000000000007e-01
7.050000000000000000e+02,2.570000000000000062e-01,2.176666666666666750e-01
7.100000000000000000e+02,2.590000000000000080e-01,2.183333333333333515e-01
7.150000000000000000e+02,2.610000000000000098e-01,2.193333333333333524e-01
7.200000000000000000e+02,2.620000000000000107e-01,2.201666666666666772e-01
7.250000000000000000e+02,2.630000000000000115e-01,2.203333333333333532e-01
7.300000000000000000e+02,2.650000000000000133e-01,2.205000000000000293e-01
7.350000000000000000e+02,2.670000000000000151e-01,2.205000000000000293e-01
7.400000000000000000e+02,2.680000000000000160e-01,2.210000000000000298e-01
7.450000000000000000e+02,2.690000000000000169e-01,2.218333333333333546e-01
7.500000000000000000e+02,2.690000000000000169e-01,2.218333333333333546e-01
7.550000000000000000e+02,2.700000000000000178e-01,2.228333333333333555e-01
7.600000000000000000e+02,2.700000000000000178e-01,2.228333333333333555e-01
7.650000000000000000e+02,2.710000000000000187e-01,2.241666666666666807e-01
7.700000000000000000e+02,2.710000000000000187e-01,2.245000000000000329e-01
7.750000000000000000e+02,2.710000000000000187e-01,2.248333333333333572e-01
7.800000000000000000e+02,2.710000000000000187e-01,2.255000000000000338e-01
7.850000000000000000e+02,2.710000000000000187e-01,2.258333333333333581e-01
7.900000000000000000e+02,2.710000000000000187e-01,2.266666666666666829e-01
7.950000000000000000e+02,2.710000000000000187e-01,2.270000000000000351e-01
8.000000000000000000e+02,2.710000000000000187e-01,2.278333333333333599e-01
8.050000000000000000e+02,2.710000000000000187e-01,2.278333333333333599e-01
8.100000000000000000e+02,2.710000000000000187e-01,2.280000000000000082e-01
8.150000000000000000e+02,2.710000000000000187e-01,2.278333333333333599e-01
8.200000000000000000e+02,2.700000000000000178e-01,2.261666666666666825e-01
8.250000000000000000e+02,2.720000000000000195e-01,2.273333333333333595e-01
8.300000000000000000e+02,2.750000000000000222e-01,2.280000000000000360e-01
8.350000000000000000e+02,2.780000000000000249e-01,2.286666666666666847e-01
8.400000000000000000e+02,2.790000000000000258e-01,2.291666666666666852e-01
8.450000000000000000e+02,2.810000000000000275e-01,2.303333333333333621e-01
8.500000000000000000e+02,2.819999999999999729e-01,2.304999999999999827e-01
8.550000000000000000e+02,2.829999999999999738e-01,2.309999999999999831e-01
8.600000000000000000e+02,2.839999999999999747e-01,2.304999999999999827e-01
8.650000000000000000e+02,2.859999999999999765e-01,2.304999999999999827e-01
8.700000000000000000e+02,2.899999999999999800e-01,2.314999999999999836e-01
8.750000000000000000e+02,2.929999999999999827e-01,2.318333333333333079e-01
8.800000000000000000e+02,2.919999999999999818e-01,2.316666666666666596e-01
8.850000000000000000e+02,2.899999999999999800e-01,2.304999999999999827e-01
8.900000000000000000e+02,2.909999999999999809e-01,2.318333333333333079e-01
8.950000000000000000e+02,2.929999999999999827e-01,2.329999999999999849e-01
9.000000000000000000e+02,2.929999999999999827e-01,2.318333333333333079e-01
9.050000000000000000e+02,2.949999999999999845e-01,2.323333333333333361e-01
9.100000000000000000e+02,2.969999999999999862e-01,2.318333333333333357e-01
9.150000000000000000e+02,3.009999999999999898e-01,2.328333333333333366e-01
9.200000000000000000e+02,3.039999999999999925e-01,2.321666666666666601e-01
9.250000000000000000e+02,3.130000000000000004e-01,2.339999999999999858e-01
9.300000000000000000e+02,3.220000000000000084e-01,2.336666666666666892e-01
9.350000000000000000e+02,3.340000000000000191e-01,2.330000000000000404e-01
9.400000000000000000e+02,3.469999999999999751e-01,2.331666666666666332e-01
9.450000000000000000e+02,3.669999999999999929e-01,2.338333333333333097e-01
9.500000000000000000e+02,3.940000000000000169e-01,2.341666666666666619e-01
9.550000000000000000e+02,4.259999999999999898e-01,2.338333333333333097e-01
9.600000000000000000e+02,4.530000000000000138e-01,2.338333333333333652e-01
9.650000000000000000e+02,4.630000000000000226e-01,2.330000000000000127e-01
9.700000000000000000e+02,4.689999999999999725e-01,2.339999999999999858e-01
9.750000000000000000e+02,4.699999999999999734e-01,2.323333333333333084e-01
9.800000000000000000e+02,4.719999999999999751e-01,2.350000000000000144e-01
9.850000000000000000e+02,4.670000000000000262e-01,2.341666666666666896e-01
9.900000000000000000e+02,4.590000000000000191e-01,2.348333333333333106e-01
9.950000000000000000e+02,4.540000000000000147e-01,2.341666666666666896e-01
