wavelength,absorbance,subtracted_absorbance
3.000000000000000000e+02,9.869999999999999885e-01,3.301666666666664973e-01
3.050000000000000000e+02,8.279999999999999583e-01,3.141666666666667052e-01
3.100000000000000000e+02,7.429999999999999938e-01,2.906666666666666843e-01
3.150000000000000000e+02,6.800000000000000488e-01,2.663333333333334219e-01
3.200000000000000000e+02,6.189999999999999947e-01,2.436666666666666980e-01
3.250000000000000000e+02,5.659999999999999476e-01,2.225000000000000311e-01
3.300000000000000000e+02,5.170000000000000151e-01,2.006666666666666599e-01
3.350000000000000000e+02,4.699999999999999734e-01,1.818333333333333468e-01
3.400000000000000000e+02,4.289999999999999925e-01,1.638333333333332753e-01
3.450000000000000000e+02,3.960000000000000187e-01,1.470000000000000473e-01
3.500000000000000000e+02,3.709999999999999964e-01,1.328333333333333588e-01
3.550000000000000000e+02,3.479999999999999760e-01,1.199999999999999956e-01
3.600000000000000000e+02,3.220000000000000084e-01,1.086666666666666614e-01
3.650000000000000000e+02,2.869999999999999774e-01,9.766666666666665164e-02
3.700000000000000000e+02,2.210000000000000020e-01,8.383333333333331527e-02
3.750000000000000000e+02,1.610000000000000042e-01,7.300000000000002320e-02
3.800000000000000000e+02,1.350000000000000089e-01,6.616666666666666530e-02
3.850000000000000000e+02,1.189999999999999947e-01,5.916666666666666602e-02
3.900000000000000000e+02,1.089999999999999997e-01,5.349999999999999895e-02
3.950000000000000000e+02,1.019999999999999934e-01,4.916666666666665714e-02
4.000000000000000000e+02,9.500000000000000111e-02,4.416666666666666657e-02
4.050000000000000000e+02,8.999999999999999667e-02,4.083333333333333259e-02
4.100000000000000000e+02,8.500000000000000611e-02,3.683333333333334292e-02
4.150000000000000000e+02,8.100000000000000255e-02,3.383333333333334025e-02
4.200000000000000000e+02,7.699999999999999900e-02,3.100000000000000672e-02
4.250000000000000000e+02,7.299999999999999545e-02,2.750000000000000361e-02
4.300000000000000000e+02,7.000000000000000666e-02,2.550000000000001571e-02
4.350000000000000000e+02,6.700000000000000400e-02,2.333333333333334481e-02
4.400000000000000000e+02,6.400000000000000133e-02,2.083333333333333565e-02
4.450000000000000000e+02,6.199999999999999956e-02,1.966666666666666563e-02
4.500000000000000000e+02,5.999999999999999778e-02,1.799999999999999517e-02
4.550000000000000000e+02,5.800000000000000294e-02,1.650000000000000078e-02
4.600000000000000000e+02,5.600000000000000117e-02,1.499999999999999944e-02
4.650000000000000000e+02,5.399999999999999939e-02,1.366666666666666030e-02
4.700000000000000000e+02,5.199999999999999761e-02,1.199999999999999678e-02
4.750000000000000000e+02,5.099999999999999672e-02,1.133333333333332721e-02
4.800000000000000000e+02,5.000000000000000278e-02,1.066666666666666458e-02
4.850000000000000000e+02,4.900000000000000189e-02,9.833333333333332815e-03
4.900000000000000000e+02,4.800000000000000100e-02,9.166666666666663243e-03
4.950000000000000000e+02,4.700000000000000011e-02,8.333333333333331483e-03
5.000000000000000000e+02,4.599999999999999922e-02,7.333333333333330595e-03
5.050000000000000000e+02,4.499999999999999833e-02,6.666666666666661023e-03
5.100000000000000000e+02,4.499999999999999833e-02,6.666666666666661023e-03
5.150000000000000000e+02,4.399999999999999745e-02,5.499999999999997946e-03
5.200000000000000000e+02,4.399999999999999745e-02,5.499999999999997946e-03
5.250000000000000000e+02,4.299999999999999656e-02,4.666666666666659247e-03
5.300000000000000000e+02,4.299999999999999656e-02,4.499999999999997058e-03
5.350000000000000000e+02,4.299999999999999656e-02,4.333333333333327930e-03
5.400000000000000000e+02,4.299999999999999656e-02,4.166666666666658803e-03
5.450000000000000000e+02,4.200000000000000261e-02,3.166666666666664853e-03
5.500000000000000000e+02,4.200000000000000261e-02,3.166666666666664853e-03
5.550000000000000000e+02,4.200000000000000261e-02,3.000000000000002665e-03
5.600000000000000000e+02,4.200000000000000261e-02,3.166666666666664853e-03
5.650000000000000000e+02,4.200000000000000261e-02,2.833333333333333537e-03
5.700000000000000000e+02,4.200000000000000261e-02,2.833333333333333537e-03
5.750000000000000000e+02,4.200000000000000261e-02,2.833333333333333537e-03
5.800000000000000000e+02,4.200000000000000261e-02,2.833333333333333537e-03
5.850000000000000000e+02,4.200000000000000261e-02,2.833333333333333537e-03
5.900000000000000000e+02,4.200000000000000261e-02,2.333333333333333093e-03
5.950000000000000000e+02,4.200000000000000261e-02,2.500000000000002220e-03
6.000000000000000000e+02,4.200000000000000261e-02,2.166666666666663965e-03
6.050000000000000000e+02,4.200000000000000261e-02,2.166666666666663965e-03
6.100000000000000000e+02,4.200000000000000261e-02,2.166666666666663965e-03
6.150000000000000000e+02,4.200000000000000261e-02,2.500000000000002220e-03
6.200000000000000000e+02,4.200000000000000261e-02,2.666666666666664409e-03
6.250000000000000000e+02,4.100000000000000172e-02,1.666666666666663521e-03
6.300000000000000000e+02,4.100000000000000172e-02,1.833333333333332649e-03
6.350000000000000000e+02,4.100000000000000172e-02,1.833333333333332649e-03
6.400000000000000000e+02,4.100000000000000172e-02,2.166666666666663965e-03
6.450000000000000000e+02,4.100000000000000172e-02,2.166666666666663965e-03
6.500000000000000000e+02,4.100000000000000172e-02,2.333333333333333093e-03
6.550000000000000000e+02,4.100000000000000172e-02,2.333333333333333093e-03
6.600000000000000000e+02,4.100000000000000172e-02,2.166666666666663965e-03
6.650000000000000000e+02,4.100000000000000172e-02,2.333333333333333093e-03
6.700000000000000000e+02,4.100000000000000172e-02,2.500000000000002220e-03
6.750000000000000000e+02,4.100000000000000172e-02,2.500000000000002220e-03
6.800000000000000000e+02,4.100000000000000172e-02,2.666666666666664409e-03
6.850000000000000000e+02,4.100000000000000172e-02,2.666666666666664409e-03
6.900000000000000000e+02,4.100000000000000172e-02,2.833333333333333537e-03
6.950000000000000000e+02,4.100000000000000172e-02,2.666666666666664409e-03
7.000000000000000000e+02,4.100000000000000172e-02,2.500000000000002220e-03
7.050000000000000000e+02,4.200000000000000261e-02,2.666666666666664409e-03
7.100000000000000000e+02,4.299999999999999656e-02,2.333333333333333093e-03
7.150000000000000000e+02,4.399999999999999745e-02,2.333333333333333093e-03
7.200000000000000000e+02,4.499999999999999833e-02,3.166666666666664853e-03
7.250000000000000000e+02,4.599999999999999922e-02,3.333333333333333981e-03
7.300000000000000000e+02,4.700000000000000011e-02,2.500000000000009159e-03
7.350000000000000000e+02,4.900000000000000189e-02,2.500000000000009159e-03
7.400000000000000000e+02,4.900000000000000189e-02,2.000000000000008715e-03
7.450000000000000000e+02,4.900000000000000189e-02,1.833333333333339588e-03
7.500000000000000000e+02,4.900000000000000189e-02,1.833333333333339588e-03
7.550000000000000000e+02,4.900000000000000189e-02,1.833333333333339588e-03
7.600000000000000000e+02,4.900000000000000189e-02,1.833333333333339588e-03
7.650000000000000000e+02,4.800000000000000100e-02,1.166666666666670016e-03
7.700000000000000000e+02,4.800000000000000100e-02,1.500000000000008271e-03
7.750000000000000000e+02,4.800000000000000100e-02,1.833333333333339588e-03
7.800000000000000000e+02,4.700000000000000011e-02,1.500000000000008271e-03
7.850000000000000000e+02,4.700000000000000011e-02,1.833333333333339588e-03
7.900000000000000000e+02,4.599999999999999922e-02,1.666666666666670460e-03
7.950000000000000000e+02,4.599999999999999922e-02,2.000000000000008715e-03
8.000000000000000000e+02,4.499999999999999833e-02,1.833333333333332649e-03
8.050000000000000000e+02,4.499999999999999833e-02,1.833333333333332649e-03
8.100000000000000000e+02,4.399999999999999745e-02,9.999999999999939493e-04
8.150000000000000000e+02,4.499999999999999833e-02,1.833333333333332649e-03
8.200000000000000000e+02,4.499999999999999833e-02,1.166666666666670016e-03
8.250000000000000000e+02,4.599999999999999922e-02,1.333333333333339144e-03
8.300000000000000000e+02,4.800000000000000100e-02,1.000000000000007827e-03
8.350000000000000000e+02,5.000000000000000278e-02,6.666666666666695718e-04
8.400000000000000000e+02,5.099999999999999672e-02,1.166666666666663077e-03
8.450000000000000000e+02,5.099999999999999672e-02,3.333333333333313164e-04
8.500000000000000000e+02,5.199999999999999761e-02,5.000000000000004441e-04
8.550000000000000000e+02,5.299999999999999850e-02,1.000000000000000888e-03
8.600000000000000000e+02,5.399999999999999939e-02,5.000000000000004441e-04
8.650000000000000000e+02,5.500000000000000028e-02,-5.000000000000004441e-04
8.700000000000000000e+02,5.800000000000000294e-02,-4.999999999999935052e-04
8.750000000000000000e+02,6.099999999999999867e-02,-1.666666666666691277e-04
8.800000000000000000e+02,5.999999999999999778e-02,-3.333333333333313164e-04
8.850000000000000000e+02,5.899999999999999689e-02,-5.000000000000004441e-04
8.900000000000000000e+02,5.899999999999999689e-02,-1.666666666666691277e-04
8.950000000000000000e+02,5.899999999999999689e-02,-1.000000000000000888e-03
9.000000000000000000e+02,5.999999999999999778e-02,-1.166666666666670016e-03
9.050000000000000000e+02,6.199999999999999956e-02,-6.666666666666626329e-04
9.100000000000000000e+02,6.400000000000000133e-02,-1.166666666666663077e-03
9.150000000000000000e+02,6.700000000000000400e-02,-1.166666666666663077e-03
9.200000000000000000e+02,7.000000000000000666e-02,-1.833333333333325710e-03
9.250000000000000000e+02,7.699999999999999900e-02,-2.000000000000001776e-03
9.300000000000000000e+02,8.599999999999999312e-02,-2.333333333333326154e-03
9.350000000000000000e+02,9.700000000000000289e-02,-3.999999999999989675e-03
9.400000000000000000e+02,1.089999999999999997e-01,-4.833333333333342252e-03
9.450000000000000000e+02,1.270000000000000018e-01,-6.166666666666681396e-03
9.500000000000000000e+02,1.509999999999999953e-01,-8.833333333333359683e-03
9.550000000000000000e+02,1.819999999999999951e-01,-1.016666666666668495e-02
9.600000000000000000e+02,2.069999999999999896e-01,-1.216666666666665897e-02
9.650000000000000000e+02,2.159999999999999976e-01,-1.400000000000001243e-02
9.700000000000000000e+02,2.210000000000000020e-01,-1.399999999999998468e-02
9.750000000000000000e+02,2.230000000000000038e-01,-1.466666666666666119e-02
9.800000000000000000e+02,2.230000000000000038e-01,-1.399999999999995692e-02
9.850000000000000000e+02,2.179999999999999993e-01,-1.483333333333333726e-02
9.900000000000000000e+02,2.099999999999999922e-01,-1.416666666666671626e-02
9.950000000000000000e+02,2.069999999999999896e-01,-1.283333333333333548e-02
