wavelength,absorbance,subtracted_absorbance
3.000000000000000000e+02,1.137000000000000011e+00,4.801666666666665195e-01
3.050000000000000000e+02,9.739999999999999769e-01,4.601666666666667238e-01
3.100000000000000000e+02,8.970000000000000195e-01,4.446666666666667100e-01
3.150000000000000000e+02,8.429999999999999716e-01,4.293333333333333446e-01
3.200000000000000000e+02,7.870000000000000329e-01,4.116666666666667362e-01
3.250000000000000000e+02,7.409999999999999920e-01,3.975000000000000755e-01
3.300000000000000000e+02,6.989999999999999547e-01,3.826666666666665995e-01
3.350000000000000000e+02,6.580000000000000293e-01,3.698333333333334028e-01
3.400000000000000000e+02,6.229999999999999982e-01,3.578333333333332811e-01
3.450000000000000000e+02,5.979999999999999760e-01,3.489999999999999769e-01
3.500000000000000000e+02,5.809999999999999609e-01,3.428333333333333233e-01
3.550000000000000000e+02,5.669999999999999485e-01,3.389999999999999680e-01
3.600000000000000000e+02,5.460000000000000409e-01,3.326666666666666661e-01
3.650000000000000000e+02,5.090000000000000080e-01,3.196666666666666545e-01
3.700000000000000000e+02,4.189999999999999836e-01,2.818333333333332691e-01
3.750000000000000000e+02,3.230000000000000093e-01,2.350000000000000422e-01
3.800000000000000000e+02,2.829999999999999738e-01,2.141666666666666163e-01
3.850000000000000000e+02,2.650000000000000133e-01,2.051666666666666916e-01
3.900000000000000000e+02,2.550000000000000044e-01,1.995000000000000107e-01
3.950000000000000000e+02,2.469999999999999973e-01,1.941666666666666541e-01
4.000000000000000000e+02,2.399999999999999911e-01,1.891666666666666496e-01
4.050000000000000000e+02,2.330000000000000127e-01,1.838333333333333486e-01
4.100000000000000000e+02,2.280000000000000082e-01,1.798333333333333450e-01
4.150000000000000000e+02,2.230000000000000038e-01,1.758333333333333415e-01
4.200000000000000000e+02,2.179999999999999993e-01,1.720000000000000140e-01
4.250000000000000000e+02,2.149999999999999967e-01,1.695000000000000118e-01
4.300000000000000000e+02,2.109999999999999931e-01,1.665000000000000091e-01
4.350000000000000000e+02,2.079999999999999905e-01,1.643333333333333313e-01
4.400000000000000000e+02,2.049999999999999878e-01,1.618333333333333290e-01
4.450000000000000000e+02,2.030000000000000138e-01,1.606666666666666798e-01
4.500000000000000000e+02,2.010000000000000120e-01,1.590000000000000024e-01
4.550000000000000000e+02,2.000000000000000111e-01,1.585000000000000020e-01
4.600000000000000000e+02,1.990000000000000102e-01,1.580000000000000016e-01
4.650000000000000000e+02,1.980000000000000093e-01,1.576666666666666772e-01
4.700000000000000000e+02,1.990000000000000102e-01,1.590000000000000024e-01
4.750000000000000000e+02,2.000000000000000111e-01,1.603333333333333277e-01
4.800000000000000000e+02,2.010000000000000120e-01,1.616666666666666807e-01
4.850000000000000000e+02,2.030000000000000138e-01,1.638333333333333308e-01
4.900000000000000000e+02,2.069999999999999896e-01,1.681666666666666587e-01
4.950000000000000000e+02,2.109999999999999931e-01,1.723333333333333384e-01
5.000000000000000000e+02,2.149999999999999967e-01,1.763333333333333419e-01
5.050000000000000000e+02,2.200000000000000011e-01,1.816666666666666707e-01
5.100000000000000000e+02,2.250000000000000056e-01,1.866666666666666752e-01
5.150000000000000000e+02,2.300000000000000100e-01,1.915000000000000036e-01
5.200000000000000000e+02,2.349999999999999867e-01,1.964999999999999802e-01
5.250000000000000000e+02,2.389999999999999902e-01,2.006666666666666599e-01
5.300000000000000000e+02,2.409999999999999920e-01,2.024999999999999856e-01
5.350000000000000000e+02,2.429999999999999938e-01,2.043333333333333113e-01
5.400000000000000000e+02,2.439999999999999947e-01,2.051666666666666639e-01
5.450000000000000000e+02,2.429999999999999938e-01,2.041666666666666630e-01
5.500000000000000000e+02,2.409999999999999920e-01,2.021666666666666612e-01
5.550000000000000000e+02,2.379999999999999893e-01,1.989999999999999825e-01
5.600000000000000000e+02,2.330000000000000127e-01,1.941666666666666818e-01
5.650000000000000000e+02,2.280000000000000082e-01,1.888333333333333530e-01
5.700000000000000000e+02,2.210000000000000020e-01,1.818333333333333468e-01
5.750000000000000000e+02,2.129999999999999949e-01,1.738333333333333397e-01
5.800000000000000000e+02,2.059999999999999887e-01,1.668333333333333335e-01
5.850000000000000000e+02,1.970000000000000084e-01,1.578333333333333255e-01
5.900000000000000000e+02,1.890000000000000013e-01,1.493333333333333179e-01
5.950000000000000000e+02,1.799999999999999933e-01,1.404999999999999860e-01
6.000000000000000000e+02,1.710000000000000131e-01,1.311666666666666814e-01
6.050000000000000000e+02,1.630000000000000060e-01,1.231666666666666743e-01
6.100000000000000000e+02,1.539999999999999980e-01,1.141666666666666663e-01
6.150000000000000000e+02,1.469999999999999918e-01,1.074999999999999845e-01
6.200000000000000000e+02,1.390000000000000124e-01,9.966666666666668117e-02
6.250000000000000000e+02,1.320000000000000062e-01,9.266666666666667496e-02
6.300000000000000000e+02,1.250000000000000000e-01,8.583333333333333093e-02
6.350000000000000000e+02,1.189999999999999947e-01,7.983333333333332560e-02
6.400000000000000000e+02,1.140000000000000041e-01,7.516666666666665941e-02
6.450000000000000000e+02,1.089999999999999997e-01,7.016666666666665497e-02
6.500000000000000000e+02,1.039999999999999952e-01,6.533333333333332660e-02
6.550000000000000000e+02,1.000000000000000056e-01,6.133333333333333692e-02
6.600000000000000000e+02,9.600000000000000200e-02,5.716666666666666424e-02
6.650000000000000000e+02,9.199999999999999845e-02,5.333333333333332982e-02
6.700000000000000000e+02,8.799999999999999489e-02,4.949999999999999539e-02
6.750000000000000000e+02,8.500000000000000611e-02,4.650000000000000661e-02
6.800000000000000000e+02,8.200000000000000344e-02,4.366666666666666613e-02
6.850000000000000000e+02,8.000000000000000167e-02,4.166666666666666435e-02
6.900000000000000000e+02,7.699999999999999900e-02,3.883333333333333082e-02
6.950000000000000000e+02,7.499999999999999722e-02,3.666666666666665991e-02
7.000000000000000000e+02,7.299999999999999545e-02,3.449999999999999595e-02
7.050000000000000000e+02,7.199999999999999456e-02,3.266666666666665636e-02
7.100000000000000000e+02,7.099999999999999367e-02,3.033333333333333021e-02
7.150000000000000000e+02,7.000000000000000666e-02,2.833333333333334231e-02
7.200000000000000000e+02,6.900000000000000577e-02,2.716666666666667229e-02
7.250000000000000000e+02,6.900000000000000577e-02,2.633333333333334053e-02
7.300000000000000000e+02,6.900000000000000577e-02,2.450000000000001482e-02
7.350000000000000000e+02,7.000000000000000666e-02,2.350000000000001393e-02
7.400000000000000000e+02,7.000000000000000666e-02,2.300000000000001349e-02
7.450000000000000000e+02,6.900000000000000577e-02,2.183333333333334347e-02
7.500000000000000000e+02,6.800000000000000488e-02,2.083333333333334259e-02
7.550000000000000000e+02,6.700000000000000400e-02,1.983333333333334170e-02
7.600000000000000000e+02,6.600000000000000311e-02,1.883333333333334081e-02
7.650000000000000000e+02,6.500000000000000222e-02,1.816666666666667124e-02
7.700000000000000000e+02,6.400000000000000133e-02,1.750000000000000860e-02
7.750000000000000000e+02,6.300000000000000044e-02,1.683333333333333903e-02
7.800000000000000000e+02,6.199999999999999956e-02,1.650000000000000772e-02
7.850000000000000000e+02,6.099999999999999867e-02,1.583333333333333814e-02
7.900000000000000000e+02,5.999999999999999778e-02,1.566666666666666902e-02
7.950000000000000000e+02,5.899999999999999689e-02,1.500000000000000638e-02
8.000000000000000000e+02,5.800000000000000294e-02,1.483333333333333726e-02
8.050000000000000000e+02,5.700000000000000205e-02,1.383333333333333637e-02
8.100000000000000000e+02,5.700000000000000205e-02,1.399999999999999856e-02
8.150000000000000000e+02,5.700000000000000205e-02,1.383333333333333637e-02
8.200000000000000000e+02,5.700000000000000205e-02,1.316666666666667374e-02
8.250000000000000000e+02,5.700000000000000205e-02,1.233333333333334197e-02
8.300000000000000000e+02,5.899999999999999689e-02,1.200000000000000372e-02
8.350000000000000000e+02,5.999999999999999778e-02,1.066666666666666458e-02
8.400000000000000000e+02,6.099999999999999867e-02,1.116666666666666502e-02
8.450000000000000000e+02,6.099999999999999867e-02,1.033333333333333326e-02
8.500000000000000000e+02,6.199999999999999956e-02,1.050000000000000239e-02
8.550000000000000000e+02,6.199999999999999956e-02,1.000000000000000194e-02
8.600000000000000000e+02,6.300000000000000044e-02,9.500000000000001499e-03
8.650000000000000000e+02,6.500000000000000222e-02,9.500000000000001499e-03
8.700000000000000000e+02,6.800000000000000488e-02,9.500000000000008438e-03
8.750000000000000000e+02,7.000000000000000666e-02,8.833333333333338866e-03
8.800000000000000000e+02,6.900000000000000577e-02,8.666666666666676677e-03
8.850000000000000000e+02,6.800000000000000488e-02,8.500000000000007550e-03
8.900000000000000000e+02,6.700000000000000400e-02,7.833333333333337978e-03
8.950000000000000000e+02,6.800000000000000488e-02,8.000000000000007105e-03
9.000000000000000000e+02,6.900000000000000577e-02,7.833333333333337978e-03
9.050000000000000000e+02,7.000000000000000666e-02,7.333333333333344473e-03
9.100000000000000000e+02,7.199999999999999456e-02,6.833333333333330151e-03
9.150000000000000000e+02,7.499999999999999722e-02,6.833333333333330151e-03
9.200000000000000000e+02,7.799999999999999989e-02,6.166666666666667518e-03
9.250000000000000000e+02,8.500000000000000611e-02,6.000000000000005329e-03
9.300000000000000000e+02,9.299999999999999933e-02,4.666666666666680063e-03
9.350000000000000000e+02,1.039999999999999952e-01,3.000000000000002665e-03
9.400000000000000000e+02,1.160000000000000059e-01,2.166666666666663965e-03
9.450000000000000000e+02,1.340000000000000080e-01,8.333333333333248216e-04
9.500000000000000000e+02,1.590000000000000024e-01,-8.333333333333525772e-04
9.550000000000000000e+02,1.890000000000000013e-01,-3.166666666666678731e-03
9.600000000000000000e+02,2.129999999999999949e-01,-6.166666666666653640e-03
9.650000000000000000e+02,2.240000000000000047e-01,-6.000000000000005329e-03
9.700000000000000000e+02,2.280000000000000082e-01,-6.999999999999978462e-03
9.750000000000000000e+02,2.300000000000000100e-01,-7.666666666666654972e-03
9.800000000000000000e+02,2.290000000000000091e-01,-7.999999999999951594e-03
9.850000000000000000e+02,2.250000000000000056e-01,-7.833333333333331039e-03
9.900000000000000000e+02,2.169999999999999984e-01,-7.166666666666710039e-03
9.950000000000000000e+02,2.119999999999999940e-01,-7.833333333333331039e-03
