wavelength,absorbance,subtracted_absorbance
3.000000000000000000e+02,7.880000000000000338e-01,1.311666666666665426e-01
3.050000000000000000e+02,6.300000000000000044e-01,1.161666666666667513e-01
3.100000000000000000e+02,5.590000000000000524e-01,1.066666666666667429e-01
3.150000000000000000e+02,5.110000000000000098e-01,9.733333333333338278e-02
3.200000000000000000e+02,4.620000000000000218e-01,8.666666666666672514e-02
3.250000000000000000e+02,4.209999999999999853e-01,7.750000000000006883e-02
3.300000000000000000e+02,3.830000000000000071e-01,6.666666666666665186e-02
3.350000000000000000e+02,3.459999999999999742e-01,5.783333333333334769e-02
3.400000000000000000e+02,3.140000000000000013e-01,4.883333333333328419e-02
3.450000000000000000e+02,2.899999999999999800e-01,4.100000000000000866e-02
3.500000000000000000e+02,2.740000000000000213e-01,3.583333333333338366e-02
3.550000000000000000e+02,2.590000000000000080e-01,3.100000000000002753e-02
3.600000000000000000e+02,2.389999999999999902e-01,2.566666666666664320e-02
3.650000000000000000e+02,2.109999999999999931e-01,2.166666666666666741e-02
3.700000000000000000e+02,1.529999999999999971e-01,1.583333333333331039e-02
3.750000000000000000e+02,1.010000000000000064e-01,1.300000000000002542e-02
3.800000000000000000e+02,8.000000000000000167e-02,1.116666666666665808e-02
3.850000000000000000e+02,7.000000000000000666e-02,1.016666666666667801e-02
3.900000000000000000e+02,6.400000000000000133e-02,8.500000000000000611e-03
3.950000000000000000e+02,6.099999999999999867e-02,8.166666666666662355e-03
4.000000000000000000e+02,5.800000000000000294e-02,7.166666666666668406e-03
4.050000000000000000e+02,5.500000000000000028e-02,5.833333333333336201e-03
4.100000000000000000e+02,5.299999999999999850e-02,4.833333333333335313e-03
4.150000000000000000e+02,5.199999999999999761e-02,4.833333333333335313e-03
4.200000000000000000e+02,5.000000000000000278e-02,4.000000000000010492e-03
4.250000000000000000e+02,4.900000000000000189e-02,3.500000000000010048e-03
4.300000000000000000e+02,4.800000000000000100e-02,3.500000000000010048e-03
4.350000000000000000e+02,4.700000000000000011e-02,3.333333333333340920e-03
4.400000000000000000e+02,4.599999999999999922e-02,2.833333333333333537e-03
4.450000000000000000e+02,4.499999999999999833e-02,2.666666666666664409e-03
4.500000000000000000e+02,4.499999999999999833e-02,2.999999999999995726e-03
4.550000000000000000e+02,4.399999999999999745e-02,2.499999999999995282e-03
4.600000000000000000e+02,4.399999999999999745e-02,2.999999999999995726e-03
4.650000000000000000e+02,4.299999999999999656e-02,2.666666666666657470e-03
4.700000000000000000e+02,4.299999999999999656e-02,2.999999999999995726e-03
4.750000000000000000e+02,4.299999999999999656e-02,3.333333333333327042e-03
4.800000000000000000e+02,4.200000000000000261e-02,2.666666666666664409e-03
4.850000000000000000e+02,4.200000000000000261e-02,2.833333333333333537e-03
4.900000000000000000e+02,4.200000000000000261e-02,3.166666666666664853e-03
4.950000000000000000e+02,4.200000000000000261e-02,3.333333333333333981e-03
5.000000000000000000e+02,4.200000000000000261e-02,3.333333333333333981e-03
5.050000000000000000e+02,4.200000000000000261e-02,3.666666666666665297e-03
5.100000000000000000e+02,4.200000000000000261e-02,3.666666666666665297e-03
5.150000000000000000e+02,4.100000000000000172e-02,2.500000000000002220e-03
5.200000000000000000e+02,4.100000000000000172e-02,2.500000000000002220e-03
5.250000000000000000e+02,4.100000000000000172e-02,2.666666666666664409e-03
5.300000000000000000e+02,4.100000000000000172e-02,2.500000000000002220e-03
5.350000000000000000e+02,4.100000000000000172e-02,2.333333333333333093e-03
5.400000000000000000e+02,4.100000000000000172e-02,2.166666666666663965e-03
5.450000000000000000e+02,4.100000000000000172e-02,2.166666666666663965e-03
5.500000000000000000e+02,4.100000000000000172e-02,2.166666666666663965e-03
5.550000000000000000e+02,4.100000000000000172e-02,2.000000000000001776e-03
5.600000000000000000e+02,4.100000000000000172e-02,2.166666666666663965e-03
5.650000000000000000e+02,4.100000000000000172e-02,1.833333333333332649e-03
5.700000000000000000e+02,4.100000000000000172e-02,1.833333333333332649e-03
5.750000000000000000e+02,4.100000000000000172e-02,1.833333333333332649e-03
5.800000000000000000e+02,4.100000000000000172e-02,1.833333333333332649e-03
5.850000000000000000e+02,4.100000000000000172e-02,1.833333333333332649e-03
5.900000000000000000e+02,4.100000000000000172e-02,1.333333333333332205e-03
5.950000000000000000e+02,4.100000000000000172e-02,1.500000000000001332e-03
6.000000000000000000e+02,4.200000000000000261e-02,2.166666666666663965e-03
6.050000000000000000e+02,4.200000000000000261e-02,2.166666666666663965e-03
6.100000000000000000e+02,4.200000000000000261e-02,2.166666666666663965e-03
6.150000000000000000e+02,4.200000000000000261e-02,2.500000000000002220e-03
6.200000000000000000e+02,4.100000000000000172e-02,1.666666666666663521e-03
6.250000000000000000e+02,4.100000000000000172e-02,1.666666666666663521e-03
6.300000000000000000e+02,4.100000000000000172e-02,1.833333333333332649e-03
6.350000000000000000e+02,4.100000000000000172e-02,1.833333333333332649e-03
6.400000000000000000e+02,4.100000000000000172e-02,2.166666666666663965e-03
6.450000000000000000e+02,4.100000000000000172e-02,2.166666666666663965e-03
6.500000000000000000e+02,4.100000000000000172e-02,2.333333333333333093e-03
6.550000000000000000e+02,4.100000000000000172e-02,2.333333333333333093e-03
6.600000000000000000e+02,4.100000000000000172e-02,2.166666666666663965e-03
6.650000000000000000e+02,4.000000000000000083e-02,1.333333333333332205e-03
6.700000000000000000e+02,4.000000000000000083e-02,1.500000000000001332e-03
6.750000000000000000e+02,4.000000000000000083e-02,1.500000000000001332e-03
6.800000000000000000e+02,4.000000000000000083e-02,1.666666666666663521e-03
6.850000000000000000e+02,4.000000000000000083e-02,1.666666666666663521e-03
6.900000000000000000e+02,4.000000000000000083e-02,1.833333333333332649e-03
6.950000000000000000e+02,4.100000000000000172e-02,2.666666666666664409e-03
7.000000000000000000e+02,4.100000000000000172e-02,2.500000000000002220e-03
7.050000000000000000e+02,4.200000000000000261e-02,2.666666666666664409e-03
7.100000000000000000e+02,4.299999999999999656e-02,2.333333333333333093e-03
7.150000000000000000e+02,4.499999999999999833e-02,3.333333333333333981e-03
7.200000000000000000e+02,4.499999999999999833e-02,3.166666666666664853e-03
7.250000000000000000e+02,4.599999999999999922e-02,3.333333333333333981e-03
7.300000000000000000e+02,4.800000000000000100e-02,3.500000000000010048e-03
7.350000000000000000e+02,4.900000000000000189e-02,2.500000000000009159e-03
7.400000000000000000e+02,5.000000000000000278e-02,3.000000000000009603e-03
7.450000000000000000e+02,5.000000000000000278e-02,2.833333333333340476e-03
7.500000000000000000e+02,5.000000000000000278e-02,2.833333333333340476e-03
7.550000000000000000e+02,5.000000000000000278e-02,2.833333333333340476e-03
7.600000000000000000e+02,5.000000000000000278e-02,2.833333333333340476e-03
7.650000000000000000e+02,5.000000000000000278e-02,3.166666666666671792e-03
7.700000000000000000e+02,5.000000000000000278e-02,3.500000000000010048e-03
7.750000000000000000e+02,5.000000000000000278e-02,3.833333333333341364e-03
7.800000000000000000e+02,4.900000000000000189e-02,3.500000000000010048e-03
7.850000000000000000e+02,4.900000000000000189e-02,3.833333333333341364e-03
7.900000000000000000e+02,4.800000000000000100e-02,3.666666666666672236e-03
7.950000000000000000e+02,4.800000000000000100e-02,4.000000000000010492e-03
8.000000000000000000e+02,4.700000000000000011e-02,3.833333333333334425e-03
8.050000000000000000e+02,4.700000000000000011e-02,3.833333333333334425e-03
8.100000000000000000e+02,4.700000000000000011e-02,3.999999999999996614e-03
8.150000000000000000e+02,4.700000000000000011e-02,3.833333333333334425e-03
8.200000000000000000e+02,4.800000000000000100e-02,4.166666666666672680e-03
8.250000000000000000e+02,4.800000000000000100e-02,3.333333333333340920e-03
8.300000000000000000e+02,5.099999999999999672e-02,4.000000000000003553e-03
8.350000000000000000e+02,5.299999999999999850e-02,3.666666666666665297e-03
8.400000000000000000e+02,5.299999999999999850e-02,3.166666666666664853e-03
8.450000000000000000e+02,5.399999999999999939e-02,3.333333333333333981e-03
8.500000000000000000e+02,5.500000000000000028e-02,3.500000000000003109e-03
8.550000000000000000e+02,5.600000000000000117e-02,4.000000000000003553e-03
8.600000000000000000e+02,5.700000000000000205e-02,3.500000000000003109e-03
8.650000000000000000e+02,5.899999999999999689e-02,3.499999999999996170e-03
8.700000000000000000e+02,6.300000000000000044e-02,4.500000000000003997e-03
8.750000000000000000e+02,6.600000000000000311e-02,4.833333333333335313e-03
8.800000000000000000e+02,6.500000000000000222e-02,4.666666666666673124e-03
8.850000000000000000e+02,6.300000000000000044e-02,3.500000000000003109e-03
8.900000000000000000e+02,6.300000000000000044e-02,3.833333333333334425e-03
8.950000000000000000e+02,6.400000000000000133e-02,4.000000000000003553e-03
9.000000000000000000e+02,6.500000000000000222e-02,3.833333333333334425e-03
9.050000000000000000e+02,6.600000000000000311e-02,3.333333333333340920e-03
9.100000000000000000e+02,6.800000000000000488e-02,2.833333333333340476e-03
9.150000000000000000e+02,7.199999999999999456e-02,3.833333333333327486e-03
9.200000000000000000e+02,7.499999999999999722e-02,3.166666666666664853e-03
9.250000000000000000e+02,8.200000000000000344e-02,3.000000000000002665e-03
9.300000000000000000e+02,9.099999999999999756e-02,2.666666666666678287e-03
9.350000000000000000e+02,1.029999999999999943e-01,2.000000000000001776e-03
9.400000000000000000e+02,1.160000000000000059e-01,2.166666666666663965e-03
9.450000000000000000e+02,1.350000000000000089e-01,1.833333333333325710e-03
9.500000000000000000e+02,1.600000000000000033e-01,1.666666666666483110e-04
9.550000000000000000e+02,1.920000000000000040e-01,-1.666666666666760666e-04
9.600000000000000000e+02,2.179999999999999993e-01,-1.166666666666649199e-03
9.650000000000000000e+02,2.290000000000000091e-01,-1.000000000000000888e-03
9.700000000000000000e+02,2.330000000000000127e-01,-1.999999999999974021e-03
9.750000000000000000e+02,2.359999999999999876e-01,-1.666666666666677399e-03
9.800000000000000000e+02,2.359999999999999876e-01,-9.999999999999731326e-04
9.850000000000000000e+02,2.320000000000000118e-01,-8.333333333333248216e-04
9.900000000000000000e+02,2.240000000000000047e-01,-1.666666666667038221e-04
9.950000000000000000e+02,2.200000000000000011e-01,1.666666666666760666e-04
