wavelength,absorbance,subtracted_absorbance
3.000000000000000000e+02,1.189000000000000057e+00,5.321666666666665657e-01
3.050000000000000000e+02,1.018000000000000016e+00,5.041666666666667629e-01
3.100000000000000000e+02,9.230000000000000426e-01,4.706666666666667331e-01
3.150000000000000000e+02,8.539999999999999813e-01,4.403333333333333544e-01
3.200000000000000000e+02,7.860000000000000320e-01,4.106666666666667354e-01
3.250000000000000000e+02,7.249999999999999778e-01,3.815000000000000613e-01
3.300000000000000000e+02,6.670000000000000373e-01,3.506666666666666821e-01
3.350000000000000000e+02,6.109999999999999876e-01,3.228333333333333610e-01
3.400000000000000000e+02,5.560000000000000497e-01,2.908333333333333326e-01
3.450000000000000000e+02,5.090000000000000080e-01,2.600000000000000089e-01
3.500000000000000000e+02,4.680000000000000271e-01,2.298333333333333894e-01
3.550000000000000000e+02,4.309999999999999942e-01,2.030000000000000138e-01
3.600000000000000000e+02,3.920000000000000151e-01,1.786666666666666681e-01
3.650000000000000000e+02,3.459999999999999742e-01,1.566666666666666485e-01
3.700000000000000000e+02,2.720000000000000195e-01,1.348333333333333328e-01
3.750000000000000000e+02,2.039999999999999869e-01,1.160000000000000059e-01
3.800000000000000000e+02,1.710000000000000131e-01,1.021666666666666695e-01
3.850000000000000000e+02,1.489999999999999936e-01,8.916666666666667185e-02
3.900000000000000000e+02,1.340000000000000080e-01,7.850000000000001421e-02
3.950000000000000000e+02,1.229999999999999982e-01,7.016666666666665497e-02
4.000000000000000000e+02,1.120000000000000023e-01,6.116666666666666780e-02
4.050000000000000000e+02,1.029999999999999943e-01,5.383333333333333026e-02
4.100000000000000000e+02,9.600000000000000200e-02,4.783333333333333881e-02
4.150000000000000000e+02,8.899999999999999578e-02,4.183333333333333348e-02
4.200000000000000000e+02,8.300000000000000433e-02,3.700000000000001205e-02
4.250000000000000000e+02,7.799999999999999989e-02,3.250000000000000805e-02
4.300000000000000000e+02,7.299999999999999545e-02,2.850000000000000450e-02
4.350000000000000000e+02,6.900000000000000577e-02,2.533333333333334658e-02
4.400000000000000000e+02,6.600000000000000311e-02,2.283333333333333742e-02
4.450000000000000000e+02,6.199999999999999956e-02,1.966666666666666563e-02
4.500000000000000000e+02,5.999999999999999778e-02,1.799999999999999517e-02
4.550000000000000000e+02,5.700000000000000205e-02,1.549999999999999989e-02
4.600000000000000000e+02,5.500000000000000028e-02,1.399999999999999856e-02
4.650000000000000000e+02,5.299999999999999850e-02,1.266666666666665941e-02
4.700000000000000000e+02,5.199999999999999761e-02,1.199999999999999678e-02
4.750000000000000000e+02,5.000000000000000278e-02,1.033333333333333326e-02
4.800000000000000000e+02,4.900000000000000189e-02,9.666666666666663688e-03
4.850000000000000000e+02,4.800000000000000100e-02,8.833333333333331927e-03
4.900000000000000000e+02,4.700000000000000011e-02,8.166666666666662355e-03
4.950000000000000000e+02,4.599999999999999922e-02,7.333333333333330595e-03
5.000000000000000000e+02,4.599999999999999922e-02,7.333333333333330595e-03
5.050000000000000000e+02,4.499999999999999833e-02,6.666666666666661023e-03
5.100000000000000000e+02,4.399999999999999745e-02,5.666666666666660135e-03
5.150000000000000000e+02,4.399999999999999745e-02,5.499999999999997946e-03
5.200000000000000000e+02,4.299999999999999656e-02,4.499999999999997058e-03
5.250000000000000000e+02,4.299999999999999656e-02,4.666666666666659247e-03
5.300000000000000000e+02,4.299999999999999656e-02,4.499999999999997058e-03
5.350000000000000000e+02,4.200000000000000261e-02,3.333333333333333981e-03
5.400000000000000000e+02,4.200000000000000261e-02,3.166666666666664853e-03
5.450000000000000000e+02,4.200000000000000261e-02,3.166666666666664853e-03
5.500000000000000000e+02,4.200000000000000261e-02,3.166666666666664853e-03
5.550000000000000000e+02,4.100000000000000172e-02,2.000000000000001776e-03
5.600000000000000000e+02,4.100000000000000172e-02,2.166666666666663965e-03
5.650000000000000000e+02,4.100000000000000172e-02,1.833333333333332649e-03
5.700000000000000000e+02,4.100000000000000172e-02,1.833333333333332649e-03
5.750000000000000000e+02,4.100000000000000172e-02,1.833333333333332649e-03
5.800000000000000000e+02,4.000000000000000083e-02,8.333333333333317605e-04
5.850000000000000000e+02,4.000000000000000083e-02,8.333333333333317605e-04
5.900000000000000000e+02,4.000000000000000083e-02,3.333333333333313164e-04
5.950000000000000000e+02,4.000000000000000083e-02,5.000000000000004441e-04
6.000000000000000000e+02,4.000000000000000083e-02,1.666666666666621888e-04
6.050000000000000000e+02,4.000000000000000083e-02,1.666666666666621888e-04
6.100000000000000000e+02,4.000000000000000083e-02,1.666666666666621888e-04
6.150000000000000000e+02,4.000000000000000083e-02,5.000000000000004441e-04
6.200000000000000000e+02,3.899999999999999994e-02,-3.333333333333382553e-04
6.250000000000000000e+02,3.899999999999999994e-02,-3.333333333333382553e-04
6.300000000000000000e+02,3.899999999999999994e-02,-1.666666666666691277e-04
6.350000000000000000e+02,3.899999999999999994e-02,-1.666666666666691277e-04
6.400000000000000000e+02,3.899999999999999994e-02,1.666666666666621888e-04
6.450000000000000000e+02,3.899999999999999994e-02,1.666666666666621888e-04
6.500000000000000000e+02,3.799999999999999906e-02,-6.666666666666695718e-04
6.550000000000000000e+02,3.799999999999999906e-02,-6.666666666666695718e-04
6.600000000000000000e+02,3.799999999999999906e-02,-8.333333333333386994e-04
6.650000000000000000e+02,3.799999999999999906e-02,-6.666666666666695718e-04
6.700000000000000000e+02,3.799999999999999906e-02,-5.000000000000004441e-04
6.750000000000000000e+02,3.799999999999999906e-02,-5.000000000000004441e-04
6.800000000000000000e+02,3.799999999999999906e-02,-3.333333333333382553e-04
6.850000000000000000e+02,3.799999999999999906e-02,-3.333333333333382553e-04
6.900000000000000000e+02,3.799999999999999906e-02,-1.666666666666691277e-04
6.950000000000000000e+02,3.799999999999999906e-02,-3.333333333333382553e-04
7.000000000000000000e+02,3.799999999999999906e-02,-5.000000000000004441e-04
7.050000000000000000e+02,3.899999999999999994e-02,-3.333333333333382553e-04
7.100000000000000000e+02,4.000000000000000083e-02,-6.666666666666626329e-04
7.150000000000000000e+02,4.100000000000000172e-02,-6.666666666666626329e-04
7.200000000000000000e+02,4.200000000000000261e-02,1.666666666666691277e-04
7.250000000000000000e+02,4.200000000000000261e-02,-6.666666666666626329e-04
7.300000000000000000e+02,4.399999999999999745e-02,-4.999999999999935052e-04
7.350000000000000000e+02,4.599999999999999922e-02,-4.999999999999935052e-04
7.400000000000000000e+02,4.599999999999999922e-02,-9.999999999999939493e-04
7.450000000000000000e+02,4.700000000000000011e-02,-1.666666666666621888e-04
7.500000000000000000e+02,4.700000000000000011e-02,-1.666666666666621888e-04
7.550000000000000000e+02,4.700000000000000011e-02,-1.666666666666621888e-04
7.600000000000000000e+02,4.700000000000000011e-02,-1.666666666666621888e-04
7.650000000000000000e+02,4.599999999999999922e-02,-8.333333333333317605e-04
7.700000000000000000e+02,4.599999999999999922e-02,-4.999999999999935052e-04
7.750000000000000000e+02,4.599999999999999922e-02,-1.666666666666621888e-04
7.800000000000000000e+02,4.499999999999999833e-02,-4.999999999999935052e-04
7.850000000000000000e+02,4.499999999999999833e-02,-1.666666666666621888e-04
7.900000000000000000e+02,4.399999999999999745e-02,-3.333333333333313164e-04
7.950000000000000000e+02,4.399999999999999745e-02,6.938893903907228378e-18
8.000000000000000000e+02,4.299999999999999656e-02,-1.666666666666691277e-04
8.050000000000000000e+02,4.299999999999999656e-02,-1.666666666666691277e-04
8.100000000000000000e+02,4.299999999999999656e-02,-6.938893903907228378e-18
8.150000000000000000e+02,4.299999999999999656e-02,-1.666666666666691277e-04
8.200000000000000000e+02,4.399999999999999745e-02,1.666666666666691277e-04
8.250000000000000000e+02,4.499999999999999833e-02,3.333333333333382553e-04
8.300000000000000000e+02,4.700000000000000011e-02,6.938893903907228378e-18
8.350000000000000000e+02,4.900000000000000189e-02,-3.333333333333313164e-04
8.400000000000000000e+02,5.000000000000000278e-02,1.666666666666691277e-04
8.450000000000000000e+02,5.000000000000000278e-02,-6.666666666666626329e-04
8.500000000000000000e+02,5.099999999999999672e-02,-5.000000000000004441e-04
8.550000000000000000e+02,5.199999999999999761e-02,0.000000000000000000e+00
8.600000000000000000e+02,5.299999999999999850e-02,-5.000000000000004441e-04
8.650000000000000000e+02,5.500000000000000028e-02,-5.000000000000004441e-04
8.700000000000000000e+02,5.800000000000000294e-02,-4.999999999999935052e-04
8.750000000000000000e+02,6.099999999999999867e-02,-1.666666666666691277e-04
8.800000000000000000e+02,5.899999999999999689e-02,-1.333333333333332205e-03
8.850000000000000000e+02,5.899999999999999689e-02,-5.000000000000004441e-04
8.900000000000000000e+02,5.899999999999999689e-02,-1.666666666666691277e-04
8.950000000000000000e+02,5.899999999999999689e-02,-1.000000000000000888e-03
9.000000000000000000e+02,5.999999999999999778e-02,-1.166666666666670016e-03
9.050000000000000000e+02,6.099999999999999867e-02,-1.666666666666663521e-03
9.100000000000000000e+02,6.400000000000000133e-02,-1.166666666666663077e-03
9.150000000000000000e+02,6.600000000000000311e-02,-2.166666666666663965e-03
9.200000000000000000e+02,7.000000000000000666e-02,-1.833333333333325710e-03
9.250000000000000000e+02,7.699999999999999900e-02,-2.000000000000001776e-03
9.300000000000000000e+02,8.500000000000000611e-02,-3.333333333333313164e-03
9.350000000000000000e+02,9.700000000000000289e-02,-3.999999999999989675e-03
9.400000000000000000e+02,1.089999999999999997e-01,-4.833333333333342252e-03
9.450000000000000000e+02,1.270000000000000018e-01,-6.166666666666681396e-03
9.500000000000000000e+02,1.519999999999999962e-01,-7.833333333333358794e-03
9.550000000000000000e+02,1.819999999999999951e-01,-1.016666666666668495e-02
9.600000000000000000e+02,2.069999999999999896e-01,-1.216666666666665897e-02
9.650000000000000000e+02,2.169999999999999984e-01,-1.300000000000001155e-02
9.700000000000000000e+02,2.220000000000000029e-01,-1.299999999999998379e-02
9.750000000000000000e+02,2.240000000000000047e-01,-1.366666666666666030e-02
9.800000000000000000e+02,2.240000000000000047e-01,-1.299999999999995604e-02
9.850000000000000000e+02,2.190000000000000002e-01,-1.383333333333333637e-02
9.900000000000000000e+02,2.109999999999999931e-01,-1.316666666666671537e-02
9.950000000000000000e+02,2.079999999999999905e-01,-1.183333333333333459e-02
