wavelength,absorbance,subtracted_absorbance
3.000000000000000000e+02,8.539999999999999813e-01,1.971666666666664902e-01
3.050000000000000000e+02,7.139999999999999680e-01,2.001666666666667149e-01
3.100000000000000000e+02,6.500000000000000222e-01,1.976666666666667127e-01
3.150000000000000000e+02,6.089999999999999858e-01,1.953333333333333588e-01
3.200000000000000000e+02,5.639999999999999458e-01,1.886666666666666492e-01
3.250000000000000000e+02,5.280000000000000249e-01,1.845000000000001084e-01
3.300000000000000000e+02,4.969999999999999973e-01,1.806666666666666421e-01
3.350000000000000000e+02,4.660000000000000253e-01,1.778333333333333988e-01
3.400000000000000000e+02,4.400000000000000022e-01,1.748333333333332851e-01
3.450000000000000000e+02,4.219999999999999862e-01,1.730000000000000149e-01
3.500000000000000000e+02,4.109999999999999765e-01,1.728333333333333388e-01
3.550000000000000000e+02,4.020000000000000240e-01,1.740000000000000435e-01
3.600000000000000000e+02,3.870000000000000107e-01,1.736666666666666636e-01
3.650000000000000000e+02,3.569999999999999840e-01,1.676666666666666583e-01
3.700000000000000000e+02,2.849999999999999756e-01,1.478333333333332889e-01
3.750000000000000000e+02,2.129999999999999949e-01,1.250000000000000000e-01
3.800000000000000000e+02,1.859999999999999987e-01,1.171666666666666551e-01
3.850000000000000000e+02,1.739999999999999880e-01,1.141666666666666663e-01
3.900000000000000000e+02,1.680000000000000104e-01,1.125000000000000167e-01
3.950000000000000000e+02,1.630000000000000060e-01,1.101666666666666627e-01
4.000000000000000000e+02,1.600000000000000033e-01,1.091666666666666619e-01
4.050000000000000000e+02,1.570000000000000007e-01,1.078333333333333366e-01
4.100000000000000000e+02,1.539999999999999980e-01,1.058333333333333348e-01
4.150000000000000000e+02,1.519999999999999962e-01,1.048333333333333339e-01
4.200000000000000000e+02,1.499999999999999944e-01,1.040000000000000091e-01
4.250000000000000000e+02,1.479999999999999927e-01,1.025000000000000078e-01
4.300000000000000000e+02,1.469999999999999918e-01,1.025000000000000078e-01
4.350000000000000000e+02,1.449999999999999900e-01,1.013333333333333308e-01
4.400000000000000000e+02,1.439999999999999891e-01,1.008333333333333304e-01
4.450000000000000000e+02,1.429999999999999882e-01,1.006666666666666543e-01
4.500000000000000000e+02,1.429999999999999882e-01,1.009999999999999787e-01
4.550000000000000000e+02,1.429999999999999882e-01,1.014999999999999791e-01
4.600000000000000000e+02,1.429999999999999882e-01,1.019999999999999796e-01
4.650000000000000000e+02,1.439999999999999891e-01,1.036666666666666570e-01
4.700000000000000000e+02,1.449999999999999900e-01,1.049999999999999822e-01
4.750000000000000000e+02,1.469999999999999918e-01,1.073333333333333223e-01
4.800000000000000000e+02,1.509999999999999953e-01,1.116666666666666641e-01
4.850000000000000000e+02,1.549999999999999989e-01,1.158333333333333298e-01
4.900000000000000000e+02,1.610000000000000042e-01,1.221666666666666734e-01
4.950000000000000000e+02,1.690000000000000113e-01,1.303333333333333566e-01
5.000000000000000000e+02,1.789999999999999925e-01,1.403333333333333099e-01
5.050000000000000000e+02,1.900000000000000022e-01,1.516666666666666718e-01
5.100000000000000000e+02,2.010000000000000120e-01,1.626666666666666816e-01
5.150000000000000000e+02,2.099999999999999922e-01,1.714999999999999858e-01
5.200000000000000000e+02,2.169999999999999984e-01,1.784999999999999920e-01
5.250000000000000000e+02,2.210000000000000020e-01,1.826666666666666716e-01
5.300000000000000000e+02,2.210000000000000020e-01,1.824999999999999956e-01
5.350000000000000000e+02,2.179999999999999993e-01,1.793333333333333446e-01
5.400000000000000000e+02,2.119999999999999940e-01,1.731666666666666632e-01
5.450000000000000000e+02,2.030000000000000138e-01,1.641666666666666829e-01
5.500000000000000000e+02,1.940000000000000058e-01,1.551666666666666750e-01
5.550000000000000000e+02,1.829999999999999960e-01,1.439999999999999891e-01
5.600000000000000000e+02,1.710000000000000131e-01,1.321666666666666823e-01
5.650000000000000000e+02,1.600000000000000033e-01,1.208333333333333343e-01
5.700000000000000000e+02,1.499999999999999944e-01,1.108333333333333254e-01
5.750000000000000000e+02,1.400000000000000133e-01,1.008333333333333443e-01
5.800000000000000000e+02,1.320000000000000062e-01,9.283333333333333715e-02
5.850000000000000000e+02,1.239999999999999991e-01,8.483333333333333004e-02
5.900000000000000000e+02,1.170000000000000068e-01,7.733333333333333726e-02
5.950000000000000000e+02,1.120000000000000023e-01,7.250000000000000888e-02
6.000000000000000000e+02,1.059999999999999970e-01,6.616666666666665142e-02
6.050000000000000000e+02,1.010000000000000064e-01,6.116666666666666780e-02
6.100000000000000000e+02,9.700000000000000289e-02,5.716666666666666424e-02
6.150000000000000000e+02,9.299999999999999933e-02,5.349999999999999895e-02
6.200000000000000000e+02,8.899999999999999578e-02,4.966666666666665758e-02
6.250000000000000000e+02,8.599999999999999312e-02,4.666666666666665492e-02
6.300000000000000000e+02,8.300000000000000433e-02,4.383333333333333526e-02
6.350000000000000000e+02,8.000000000000000167e-02,4.083333333333333259e-02
6.400000000000000000e+02,7.799999999999999989e-02,3.916666666666666213e-02
6.450000000000000000e+02,7.499999999999999722e-02,3.616666666666665947e-02
6.500000000000000000e+02,7.299999999999999545e-02,3.433333333333332682e-02
6.550000000000000000e+02,7.199999999999999456e-02,3.333333333333332593e-02
6.600000000000000000e+02,7.000000000000000666e-02,3.116666666666666891e-02
6.650000000000000000e+02,6.900000000000000577e-02,3.033333333333333715e-02
6.700000000000000000e+02,6.700000000000000400e-02,2.850000000000000450e-02
6.750000000000000000e+02,6.500000000000000222e-02,2.650000000000000272e-02
6.800000000000000000e+02,6.400000000000000133e-02,2.566666666666666402e-02
6.850000000000000000e+02,6.300000000000000044e-02,2.466666666666666313e-02
6.900000000000000000e+02,6.199999999999999956e-02,2.383333333333333137e-02
6.950000000000000000e+02,6.099999999999999867e-02,2.266666666666666136e-02
7.000000000000000000e+02,5.999999999999999778e-02,2.149999999999999828e-02
7.050000000000000000e+02,5.999999999999999778e-02,2.066666666666665958e-02
7.100000000000000000e+02,5.999999999999999778e-02,1.933333333333333431e-02
7.150000000000000000e+02,5.999999999999999778e-02,1.833333333333333343e-02
7.200000000000000000e+02,5.999999999999999778e-02,1.816666666666666430e-02
7.250000000000000000e+02,5.999999999999999778e-02,1.733333333333333254e-02
7.300000000000000000e+02,6.099999999999999867e-02,1.650000000000000772e-02
7.350000000000000000e+02,6.300000000000000044e-02,1.650000000000000772e-02
7.400000000000000000e+02,6.300000000000000044e-02,1.600000000000000727e-02
7.450000000000000000e+02,6.300000000000000044e-02,1.583333333333333814e-02
7.500000000000000000e+02,6.199999999999999956e-02,1.483333333333333726e-02
7.550000000000000000e+02,6.199999999999999956e-02,1.483333333333333726e-02
7.600000000000000000e+02,6.099999999999999867e-02,1.383333333333333637e-02
7.650000000000000000e+02,6.099999999999999867e-02,1.416666666666666768e-02
7.700000000000000000e+02,5.999999999999999778e-02,1.350000000000000505e-02
7.750000000000000000e+02,5.899999999999999689e-02,1.283333333333333548e-02
7.800000000000000000e+02,5.800000000000000294e-02,1.250000000000001110e-02
7.850000000000000000e+02,5.700000000000000205e-02,1.183333333333334153e-02
7.900000000000000000e+02,5.600000000000000117e-02,1.166666666666667240e-02
7.950000000000000000e+02,5.600000000000000117e-02,1.200000000000001066e-02
8.000000000000000000e+02,5.500000000000000028e-02,1.183333333333333459e-02
8.050000000000000000e+02,5.399999999999999939e-02,1.083333333333333370e-02
8.100000000000000000e+02,5.399999999999999939e-02,1.099999999999999589e-02
8.150000000000000000e+02,5.399999999999999939e-02,1.083333333333333370e-02
8.200000000000000000e+02,5.399999999999999939e-02,1.016666666666667107e-02
8.250000000000000000e+02,5.500000000000000028e-02,1.033333333333334020e-02
8.300000000000000000e+02,5.700000000000000205e-02,1.000000000000000888e-02
8.350000000000000000e+02,5.899999999999999689e-02,9.666666666666663688e-03
8.400000000000000000e+02,5.899999999999999689e-02,9.166666666666663243e-03
8.450000000000000000e+02,5.999999999999999778e-02,9.333333333333332371e-03
8.500000000000000000e+02,5.999999999999999778e-02,8.500000000000000611e-03
8.550000000000000000e+02,6.099999999999999867e-02,9.000000000000001055e-03
8.600000000000000000e+02,6.199999999999999956e-02,8.500000000000000611e-03
8.650000000000000000e+02,6.400000000000000133e-02,8.500000000000000611e-03
8.700000000000000000e+02,6.600000000000000311e-02,7.500000000000006661e-03
8.750000000000000000e+02,6.900000000000000577e-02,7.833333333333337978e-03
8.800000000000000000e+02,6.800000000000000488e-02,7.666666666666675789e-03
8.850000000000000000e+02,6.700000000000000400e-02,7.500000000000006661e-03
8.900000000000000000e+02,6.700000000000000400e-02,7.833333333333337978e-03
8.950000000000000000e+02,6.800000000000000488e-02,8.000000000000007105e-03
9.000000000000000000e+02,6.800000000000000488e-02,6.833333333333337090e-03
9.050000000000000000e+02,7.000000000000000666e-02,7.333333333333344473e-03
9.100000000000000000e+02,7.199999999999999456e-02,6.833333333333330151e-03
9.150000000000000000e+02,7.499999999999999722e-02,6.833333333333330151e-03
9.200000000000000000e+02,7.900000000000000078e-02,7.166666666666668406e-03
9.250000000000000000e+02,8.599999999999999312e-02,6.999999999999992339e-03
9.300000000000000000e+02,9.500000000000000111e-02,6.666666666666681840e-03
9.350000000000000000e+02,1.069999999999999979e-01,6.000000000000005329e-03
9.400000000000000000e+02,1.199999999999999956e-01,6.166666666666653640e-03
9.450000000000000000e+02,1.400000000000000133e-01,6.833333333333330151e-03
9.500000000000000000e+02,1.660000000000000087e-01,6.166666666666653640e-03
9.550000000000000000e+02,1.980000000000000093e-01,5.833333333333329263e-03
9.600000000000000000e+02,2.250000000000000056e-01,5.833333333333357018e-03
9.650000000000000000e+02,2.349999999999999867e-01,4.999999999999976685e-03
9.700000000000000000e+02,2.399999999999999911e-01,5.000000000000004441e-03
9.750000000000000000e+02,2.419999999999999929e-01,4.333333333333327930e-03
9.800000000000000000e+02,2.409999999999999920e-01,4.000000000000031308e-03
9.850000000000000000e+02,2.369999999999999885e-01,4.166666666666651864e-03
9.900000000000000000e+02,2.270000000000000073e-01,2.833333333333298842e-03
9.950000000000000000e+02,2.230000000000000038e-01,3.166666666666678731e-03
