wavelength,absorbance,subtracted_absorbance
3.000000000000000000e+02,8.020000000000000462e-01,1.451666666666665551e-01
3.050000000000000000e+02,6.530000000000000249e-01,1.391666666666667718e-01
3.100000000000000000e+02,5.819999999999999618e-01,1.296666666666666523e-01
3.150000000000000000e+02,5.340000000000000302e-01,1.203333333333334032e-01
3.200000000000000000e+02,4.869999999999999885e-01,1.116666666666666918e-01
3.250000000000000000e+02,4.470000000000000084e-01,1.035000000000000919e-01
3.300000000000000000e+02,4.119999999999999774e-01,9.566666666666662211e-02
3.350000000000000000e+02,3.780000000000000027e-01,8.983333333333337611e-02
3.400000000000000000e+02,3.499999999999999778e-01,8.483333333333326065e-02
3.450000000000000000e+02,3.290000000000000147e-01,8.000000000000004330e-02
3.500000000000000000e+02,3.150000000000000022e-01,7.683333333333336457e-02
3.550000000000000000e+02,3.019999999999999907e-01,7.400000000000001021e-02
3.600000000000000000e+02,2.839999999999999747e-01,7.066666666666662766e-02
3.650000000000000000e+02,2.540000000000000036e-01,6.466666666666667784e-02
3.700000000000000000e+02,1.880000000000000004e-01,5.083333333333331372e-02
3.750000000000000000e+02,1.229999999999999982e-01,3.500000000000001721e-02
3.800000000000000000e+02,9.800000000000000377e-02,2.916666666666666019e-02
3.850000000000000000e+02,8.599999999999999312e-02,2.616666666666666446e-02
3.900000000000000000e+02,8.000000000000000167e-02,2.450000000000000094e-02
3.950000000000000000e+02,7.599999999999999811e-02,2.316666666666666180e-02
4.000000000000000000e+02,7.199999999999999456e-02,2.116666666666666002e-02
4.050000000000000000e+02,6.900000000000000577e-02,1.983333333333334170e-02
4.100000000000000000e+02,6.700000000000000400e-02,1.883333333333334081e-02
4.150000000000000000e+02,6.500000000000000222e-02,1.783333333333333992e-02
4.200000000000000000e+02,6.300000000000000044e-02,1.700000000000000816e-02
4.250000000000000000e+02,6.199999999999999956e-02,1.650000000000000772e-02
4.300000000000000000e+02,5.999999999999999778e-02,1.550000000000000683e-02
4.350000000000000000e+02,5.899999999999999689e-02,1.533333333333333770e-02
4.400000000000000000e+02,5.800000000000000294e-02,1.483333333333333726e-02
4.450000000000000000e+02,5.700000000000000205e-02,1.466666666666666813e-02
4.500000000000000000e+02,5.600000000000000117e-02,1.399999999999999856e-02
4.550000000000000000e+02,5.500000000000000028e-02,1.349999999999999811e-02
4.600000000000000000e+02,5.399999999999999939e-02,1.299999999999999767e-02
4.650000000000000000e+02,5.299999999999999850e-02,1.266666666666665941e-02
4.700000000000000000e+02,5.199999999999999761e-02,1.199999999999999678e-02
4.750000000000000000e+02,5.199999999999999761e-02,1.233333333333332810e-02
4.800000000000000000e+02,5.099999999999999672e-02,1.166666666666665853e-02
4.850000000000000000e+02,5.000000000000000278e-02,1.083333333333333370e-02
4.900000000000000000e+02,5.000000000000000278e-02,1.116666666666666502e-02
4.950000000000000000e+02,4.900000000000000189e-02,1.033333333333333326e-02
5.000000000000000000e+02,4.900000000000000189e-02,1.033333333333333326e-02
5.050000000000000000e+02,4.900000000000000189e-02,1.066666666666666458e-02
5.100000000000000000e+02,4.800000000000000100e-02,9.666666666666663688e-03
5.150000000000000000e+02,4.800000000000000100e-02,9.500000000000001499e-03
5.200000000000000000e+02,4.800000000000000100e-02,9.500000000000001499e-03
5.250000000000000000e+02,4.700000000000000011e-02,8.666666666666662799e-03
5.300000000000000000e+02,4.700000000000000011e-02,8.500000000000000611e-03
5.350000000000000000e+02,4.700000000000000011e-02,8.333333333333331483e-03
5.400000000000000000e+02,4.599999999999999922e-02,7.166666666666661467e-03
5.450000000000000000e+02,4.599999999999999922e-02,7.166666666666661467e-03
5.500000000000000000e+02,4.599999999999999922e-02,7.166666666666661467e-03
5.550000000000000000e+02,4.599999999999999922e-02,6.999999999999999278e-03
5.600000000000000000e+02,4.499999999999999833e-02,6.166666666666660579e-03
5.650000000000000000e+02,4.499999999999999833e-02,5.833333333333329263e-03
5.700000000000000000e+02,4.499999999999999833e-02,5.833333333333329263e-03
5.750000000000000000e+02,4.399999999999999745e-02,4.833333333333328374e-03
5.800000000000000000e+02,4.399999999999999745e-02,4.833333333333328374e-03
5.850000000000000000e+02,4.299999999999999656e-02,3.833333333333327486e-03
5.900000000000000000e+02,4.299999999999999656e-02,3.333333333333327042e-03
5.950000000000000000e+02,4.299999999999999656e-02,3.499999999999996170e-03
6.000000000000000000e+02,4.299999999999999656e-02,3.166666666666657914e-03
6.050000000000000000e+02,4.299999999999999656e-02,3.166666666666657914e-03
6.100000000000000000e+02,4.200000000000000261e-02,2.166666666666663965e-03
6.150000000000000000e+02,4.100000000000000172e-02,1.500000000000001332e-03
6.200000000000000000e+02,4.100000000000000172e-02,1.666666666666663521e-03
6.250000000000000000e+02,4.100000000000000172e-02,1.666666666666663521e-03
6.300000000000000000e+02,4.000000000000000083e-02,8.333333333333317605e-04
6.350000000000000000e+02,4.000000000000000083e-02,8.333333333333317605e-04
6.400000000000000000e+02,4.000000000000000083e-02,1.166666666666663077e-03
6.450000000000000000e+02,3.899999999999999994e-02,1.666666666666621888e-04
6.500000000000000000e+02,3.899999999999999994e-02,3.333333333333313164e-04
6.550000000000000000e+02,3.899999999999999994e-02,3.333333333333313164e-04
6.600000000000000000e+02,3.899999999999999994e-02,1.666666666666621888e-04
6.650000000000000000e+02,3.899999999999999994e-02,3.333333333333313164e-04
6.700000000000000000e+02,3.799999999999999906e-02,-5.000000000000004441e-04
6.750000000000000000e+02,3.799999999999999906e-02,-5.000000000000004441e-04
6.800000000000000000e+02,3.799999999999999906e-02,-3.333333333333382553e-04
6.850000000000000000e+02,3.799999999999999906e-02,-3.333333333333382553e-04
6.900000000000000000e+02,3.799999999999999906e-02,-1.666666666666691277e-04
6.950000000000000000e+02,3.799999999999999906e-02,-3.333333333333382553e-04
7.000000000000000000e+02,3.799999999999999906e-02,-5.000000000000004441e-04
7.050000000000000000e+02,3.899999999999999994e-02,-3.333333333333382553e-04
7.100000000000000000e+02,4.000000000000000083e-02,-6.666666666666626329e-04
7.150000000000000000e+02,4.100000000000000172e-02,-6.666666666666626329e-04
7.200000000000000000e+02,4.100000000000000172e-02,-8.333333333333317605e-04
7.250000000000000000e+02,4.299999999999999656e-02,3.333333333333313164e-04
7.300000000000000000e+02,4.399999999999999745e-02,-4.999999999999935052e-04
7.350000000000000000e+02,4.599999999999999922e-02,-4.999999999999935052e-04
7.400000000000000000e+02,4.700000000000000011e-02,6.938893903907228378e-18
7.450000000000000000e+02,4.700000000000000011e-02,-1.666666666666621888e-04
7.500000000000000000e+02,4.700000000000000011e-02,-1.666666666666621888e-04
7.550000000000000000e+02,4.700000000000000011e-02,-1.666666666666621888e-04
7.600000000000000000e+02,4.700000000000000011e-02,-1.666666666666621888e-04
7.650000000000000000e+02,4.700000000000000011e-02,1.666666666666691277e-04
7.700000000000000000e+02,4.700000000000000011e-02,5.000000000000073830e-04
7.750000000000000000e+02,4.700000000000000011e-02,8.333333333333386994e-04
7.800000000000000000e+02,4.599999999999999922e-02,5.000000000000073830e-04
7.850000000000000000e+02,4.599999999999999922e-02,8.333333333333386994e-04
7.900000000000000000e+02,4.599999999999999922e-02,1.666666666666670460e-03
7.950000000000000000e+02,4.499999999999999833e-02,1.000000000000007827e-03
8.000000000000000000e+02,4.499999999999999833e-02,1.833333333333332649e-03
8.050000000000000000e+02,4.399999999999999745e-02,8.333333333333317605e-04
8.100000000000000000e+02,4.499999999999999833e-02,1.999999999999994837e-03
8.150000000000000000e+02,4.499999999999999833e-02,1.833333333333332649e-03
8.200000000000000000e+02,4.599999999999999922e-02,2.166666666666670904e-03
8.250000000000000000e+02,4.700000000000000011e-02,2.333333333333340032e-03
8.300000000000000000e+02,4.900000000000000189e-02,2.000000000000008715e-03
8.350000000000000000e+02,5.099999999999999672e-02,1.666666666666663521e-03
8.400000000000000000e+02,5.199999999999999761e-02,2.166666666666663965e-03
8.450000000000000000e+02,5.299999999999999850e-02,2.333333333333333093e-03
8.500000000000000000e+02,5.299999999999999850e-02,1.500000000000001332e-03
8.550000000000000000e+02,5.399999999999999939e-02,2.000000000000001776e-03
8.600000000000000000e+02,5.600000000000000117e-02,2.500000000000002220e-03
8.650000000000000000e+02,5.800000000000000294e-02,2.500000000000002220e-03
8.700000000000000000e+02,6.099999999999999867e-02,2.500000000000002220e-03
8.750000000000000000e+02,6.300000000000000044e-02,1.833333333333332649e-03
8.800000000000000000e+02,6.199999999999999956e-02,1.666666666666670460e-03
8.850000000000000000e+02,6.199999999999999956e-02,2.500000000000002220e-03
8.900000000000000000e+02,6.199999999999999956e-02,2.833333333333333537e-03
8.950000000000000000e+02,6.300000000000000044e-02,3.000000000000002665e-03
9.000000000000000000e+02,6.400000000000000133e-02,2.833333333333333537e-03
9.050000000000000000e+02,6.500000000000000222e-02,2.333333333333340032e-03
9.100000000000000000e+02,6.700000000000000400e-02,1.833333333333339588e-03
9.150000000000000000e+02,7.000000000000000666e-02,1.833333333333339588e-03
9.200000000000000000e+02,7.399999999999999634e-02,2.166666666666663965e-03
9.250000000000000000e+02,8.100000000000000255e-02,2.000000000000001776e-03
9.300000000000000000e+02,8.999999999999999667e-02,1.666666666666677399e-03
9.350000000000000000e+02,1.019999999999999934e-01,1.000000000000000888e-03
9.400000000000000000e+02,1.140000000000000041e-01,1.666666666666621888e-04
9.450000000000000000e+02,1.320000000000000062e-01,-1.166666666666676955e-03
9.500000000000000000e+02,1.580000000000000016e-01,-1.833333333333353465e-03
9.550000000000000000e+02,1.880000000000000004e-01,-4.166666666666679619e-03
9.600000000000000000e+02,2.139999999999999958e-01,-5.166666666666652752e-03
9.650000000000000000e+02,2.240000000000000047e-01,-6.000000000000005329e-03
9.700000000000000000e+02,2.290000000000000091e-01,-5.999999999999977573e-03
9.750000000000000000e+02,2.310000000000000109e-01,-6.666666666666654084e-03
9.800000000000000000e+02,2.300000000000000100e-01,-6.999999999999950706e-03
9.850000000000000000e+02,2.260000000000000064e-01,-6.833333333333330151e-03
9.900000000000000000e+02,2.179999999999999993e-01,-6.166666666666709151e-03
9.950000000000000000e+02,2.139999999999999958e-01,-5.833333333333329263e-03
