wavelength,absorbance,subtracted_absorbance
3.000000000000000000e+02,9.050000000000000266e-01,2.481666666666665355e-01
3.050000000000000000e+02,7.419999999999999929e-01,2.281666666666667398e-01
3.100000000000000000e+02,6.690000000000000391e-01,2.166666666666667296e-01
3.150000000000000000e+02,6.219999999999999973e-01,2.083333333333333703e-01
3.200000000000000000e+02,5.769999999999999574e-01,2.016666666666666607e-01
3.250000000000000000e+02,5.390000000000000346e-01,1.955000000000001181e-01
3.300000000000000000e+02,5.070000000000000062e-01,1.906666666666666510e-01
3.350000000000000000e+02,4.739999999999999769e-01,1.858333333333333504e-01
3.400000000000000000e+02,4.470000000000000084e-01,1.818333333333332913e-01
3.450000000000000000e+02,4.279999999999999916e-01,1.790000000000000202e-01
3.500000000000000000e+02,4.149999999999999800e-01,1.768333333333333424e-01
3.550000000000000000e+02,4.030000000000000249e-01,1.750000000000000444e-01
3.600000000000000000e+02,3.860000000000000098e-01,1.726666666666666627e-01
3.650000000000000000e+02,3.569999999999999840e-01,1.676666666666666583e-01
3.700000000000000000e+02,2.959999999999999853e-01,1.588333333333332986e-01
3.750000000000000000e+02,2.349999999999999867e-01,1.470000000000000195e-01
3.800000000000000000e+02,2.109999999999999931e-01,1.421666666666666634e-01
3.850000000000000000e+02,2.000000000000000111e-01,1.401666666666666894e-01
3.900000000000000000e+02,1.940000000000000058e-01,1.385000000000000120e-01
3.950000000000000000e+02,1.900000000000000022e-01,1.371666666666666590e-01
4.000000000000000000e+02,1.869999999999999996e-01,1.361666666666666581e-01
4.050000000000000000e+02,1.839999999999999969e-01,1.348333333333333328e-01
4.100000000000000000e+02,1.819999999999999951e-01,1.338333333333333319e-01
4.150000000000000000e+02,1.809999999999999942e-01,1.338333333333333319e-01
4.200000000000000000e+02,1.789999999999999925e-01,1.330000000000000071e-01
4.250000000000000000e+02,1.779999999999999916e-01,1.325000000000000067e-01
4.300000000000000000e+02,1.759999999999999898e-01,1.315000000000000058e-01
4.350000000000000000e+02,1.739999999999999880e-01,1.303333333333333288e-01
4.400000000000000000e+02,1.719999999999999862e-01,1.288333333333333275e-01
4.450000000000000000e+02,1.710000000000000131e-01,1.286666666666666792e-01
4.500000000000000000e+02,1.690000000000000113e-01,1.270000000000000018e-01
4.550000000000000000e+02,1.680000000000000104e-01,1.265000000000000013e-01
4.600000000000000000e+02,1.660000000000000087e-01,1.250000000000000000e-01
4.650000000000000000e+02,1.650000000000000078e-01,1.246666666666666756e-01
4.700000000000000000e+02,1.640000000000000069e-01,1.239999999999999991e-01
4.750000000000000000e+02,1.630000000000000060e-01,1.233333333333333365e-01
4.800000000000000000e+02,1.620000000000000051e-01,1.226666666666666738e-01
4.850000000000000000e+02,1.620000000000000051e-01,1.228333333333333360e-01
4.900000000000000000e+02,1.630000000000000060e-01,1.241666666666666752e-01
4.950000000000000000e+02,1.640000000000000069e-01,1.253333333333333521e-01
5.000000000000000000e+02,1.660000000000000087e-01,1.273333333333333539e-01
5.050000000000000000e+02,1.690000000000000113e-01,1.306666666666666810e-01
5.100000000000000000e+02,1.719999999999999862e-01,1.336666666666666559e-01
5.150000000000000000e+02,1.749999999999999889e-01,1.364999999999999825e-01
5.200000000000000000e+02,1.779999999999999916e-01,1.394999999999999851e-01
5.250000000000000000e+02,1.809999999999999942e-01,1.426666666666666639e-01
5.300000000000000000e+02,1.839999999999999969e-01,1.454999999999999905e-01
5.350000000000000000e+02,1.859999999999999987e-01,1.473333333333333162e-01
5.400000000000000000e+02,1.890000000000000013e-01,1.501666666666666705e-01
5.450000000000000000e+02,1.910000000000000031e-01,1.521666666666666723e-01
5.500000000000000000e+02,1.930000000000000049e-01,1.541666666666666741e-01
5.550000000000000000e+02,1.940000000000000058e-01,1.549999999999999989e-01
5.600000000000000000e+02,1.960000000000000075e-01,1.571666666666666767e-01
5.650000000000000000e+02,1.970000000000000084e-01,1.578333333333333255e-01
5.700000000000000000e+02,1.980000000000000093e-01,1.588333333333333264e-01
5.750000000000000000e+02,1.990000000000000102e-01,1.598333333333333273e-01
5.800000000000000000e+02,2.000000000000000111e-01,1.608333333333333282e-01
5.850000000000000000e+02,2.000000000000000111e-01,1.608333333333333282e-01
5.900000000000000000e+02,2.010000000000000120e-01,1.613333333333333286e-01
5.950000000000000000e+02,2.020000000000000129e-01,1.625000000000000056e-01
6.000000000000000000e+02,2.030000000000000138e-01,1.631666666666666821e-01
6.050000000000000000e+02,2.030000000000000138e-01,1.631666666666666821e-01
6.100000000000000000e+02,2.030000000000000138e-01,1.631666666666666821e-01
6.150000000000000000e+02,2.030000000000000138e-01,1.635000000000000064e-01
6.200000000000000000e+02,2.030000000000000138e-01,1.636666666666666825e-01
6.250000000000000000e+02,2.030000000000000138e-01,1.636666666666666825e-01
6.300000000000000000e+02,2.030000000000000138e-01,1.638333333333333308e-01
6.350000000000000000e+02,2.030000000000000138e-01,1.638333333333333308e-01
6.400000000000000000e+02,2.030000000000000138e-01,1.641666666666666829e-01
6.450000000000000000e+02,2.030000000000000138e-01,1.641666666666666829e-01
6.500000000000000000e+02,2.020000000000000129e-01,1.633333333333333304e-01
6.550000000000000000e+02,2.020000000000000129e-01,1.633333333333333304e-01
6.600000000000000000e+02,2.010000000000000120e-01,1.621666666666666812e-01
6.650000000000000000e+02,2.000000000000000111e-01,1.613333333333333286e-01
6.700000000000000000e+02,1.990000000000000102e-01,1.605000000000000038e-01
6.750000000000000000e+02,1.980000000000000093e-01,1.595000000000000029e-01
6.800000000000000000e+02,1.980000000000000093e-01,1.596666666666666790e-01
6.850000000000000000e+02,1.960000000000000075e-01,1.576666666666666772e-01
6.900000000000000000e+02,1.950000000000000067e-01,1.568333333333333246e-01
6.950000000000000000e+02,1.940000000000000058e-01,1.556666666666666754e-01
7.000000000000000000e+02,1.930000000000000049e-01,1.544999999999999984e-01
7.050000000000000000e+02,1.930000000000000049e-01,1.536666666666666736e-01
7.100000000000000000e+02,1.920000000000000040e-01,1.513333333333333475e-01
7.150000000000000000e+02,1.920000000000000040e-01,1.503333333333333466e-01
7.200000000000000000e+02,1.910000000000000031e-01,1.491666666666666696e-01
7.250000000000000000e+02,1.900000000000000022e-01,1.473333333333333439e-01
7.300000000000000000e+02,1.900000000000000022e-01,1.455000000000000182e-01
7.350000000000000000e+02,1.900000000000000022e-01,1.435000000000000164e-01
7.400000000000000000e+02,1.890000000000000013e-01,1.420000000000000151e-01
7.450000000000000000e+02,1.880000000000000004e-01,1.408333333333333381e-01
7.500000000000000000e+02,1.859999999999999987e-01,1.388333333333333364e-01
7.550000000000000000e+02,1.839999999999999969e-01,1.368333333333333346e-01
7.600000000000000000e+02,1.819999999999999951e-01,1.348333333333333328e-01
7.650000000000000000e+02,1.809999999999999942e-01,1.341666666666666563e-01
7.700000000000000000e+02,1.779999999999999916e-01,1.315000000000000058e-01
7.750000000000000000e+02,1.759999999999999898e-01,1.298333333333333284e-01
7.800000000000000000e+02,1.739999999999999880e-01,1.285000000000000031e-01
7.850000000000000000e+02,1.719999999999999862e-01,1.268333333333333257e-01
7.900000000000000000e+02,1.700000000000000122e-01,1.256666666666666765e-01
7.950000000000000000e+02,1.670000000000000095e-01,1.230000000000000260e-01
8.000000000000000000e+02,1.650000000000000078e-01,1.218333333333333490e-01
8.050000000000000000e+02,1.630000000000000060e-01,1.198333333333333472e-01
8.100000000000000000e+02,1.610000000000000042e-01,1.179999999999999938e-01
8.150000000000000000e+02,1.600000000000000033e-01,1.168333333333333446e-01
8.200000000000000000e+02,1.580000000000000016e-01,1.141666666666666663e-01
8.250000000000000000e+02,1.580000000000000016e-01,1.133333333333333415e-01
8.300000000000000000e+02,1.590000000000000024e-01,1.120000000000000162e-01
8.350000000000000000e+02,1.580000000000000016e-01,1.086666666666666614e-01
8.400000000000000000e+02,1.580000000000000016e-01,1.081666666666666610e-01
8.450000000000000000e+02,1.570000000000000007e-01,1.063333333333333353e-01
8.500000000000000000e+02,1.559999999999999998e-01,1.045000000000000095e-01
8.550000000000000000e+02,1.549999999999999989e-01,1.030000000000000082e-01
8.600000000000000000e+02,1.539999999999999980e-01,1.005000000000000060e-01
8.650000000000000000e+02,1.549999999999999989e-01,9.950000000000000511e-02
8.700000000000000000e+02,1.559999999999999998e-01,9.750000000000000333e-02
8.750000000000000000e+02,1.580000000000000016e-01,9.683333333333332682e-02
8.800000000000000000e+02,1.549999999999999989e-01,9.466666666666667673e-02
8.850000000000000000e+02,1.529999999999999971e-01,9.349999999999999978e-02
8.900000000000000000e+02,1.509999999999999953e-01,9.183333333333332238e-02
8.950000000000000000e+02,1.499999999999999944e-01,8.999999999999999667e-02
9.000000000000000000e+02,1.489999999999999936e-01,8.783333333333331883e-02
9.050000000000000000e+02,1.489999999999999936e-01,8.633333333333333137e-02
9.100000000000000000e+02,1.499999999999999944e-01,8.483333333333333004e-02
9.150000000000000000e+02,1.509999999999999953e-01,8.283333333333332826e-02
9.200000000000000000e+02,1.539999999999999980e-01,8.216666666666666563e-02
9.250000000000000000e+02,1.590000000000000024e-01,8.000000000000000167e-02
9.300000000000000000e+02,1.670000000000000095e-01,7.866666666666669028e-02
9.350000000000000000e+02,1.759999999999999898e-01,7.499999999999999722e-02
9.400000000000000000e+02,1.869999999999999996e-01,7.316666666666665764e-02
9.450000000000000000e+02,2.039999999999999869e-01,7.083333333333330373e-02
9.500000000000000000e+02,2.280000000000000082e-01,6.816666666666665320e-02
9.550000000000000000e+02,2.570000000000000062e-01,6.483333333333332615e-02
9.600000000000000000e+02,2.810000000000000275e-01,6.183333333333337900e-02
9.650000000000000000e+02,2.899999999999999800e-01,5.999999999999997002e-02
9.700000000000000000e+02,2.929999999999999827e-01,5.799999999999999600e-02
9.750000000000000000e+02,2.939999999999999836e-01,5.633333333333331860e-02
9.800000000000000000e+02,2.929999999999999827e-01,5.600000000000002198e-02
9.850000000000000000e+02,2.879999999999999782e-01,5.516666666666664165e-02
9.900000000000000000e+02,2.780000000000000249e-01,5.383333333333331638e-02
9.950000000000000000e+02,2.740000000000000213e-01,5.416666666666669627e-02
