wavelength,absorbance,subtracted_absorbance
3.000000000000000000e+02,8.139999999999999458e-01,1.571666666666664547e-01
3.050000000000000000e+02,6.460000000000000187e-01,1.321666666666667656e-01
3.100000000000000000e+02,5.649999999999999467e-01,1.126666666666666372e-01
3.150000000000000000e+02,5.110000000000000098e-01,9.733333333333338278e-02
3.200000000000000000e+02,4.610000000000000209e-01,8.566666666666672425e-02
3.250000000000000000e+02,4.199999999999999845e-01,7.650000000000006795e-02
3.300000000000000000e+02,3.850000000000000089e-01,6.866666666666665364e-02
3.350000000000000000e+02,3.489999999999999769e-01,6.083333333333335036e-02
3.400000000000000000e+02,3.200000000000000067e-01,5.483333333333328952e-02
3.450000000000000000e+02,2.989999999999999880e-01,5.000000000000001665e-02
3.500000000000000000e+02,2.839999999999999747e-01,4.583333333333333703e-02
3.550000000000000000e+02,2.710000000000000187e-01,4.300000000000003819e-02
3.600000000000000000e+02,2.520000000000000018e-01,3.866666666666665475e-02
3.650000000000000000e+02,2.240000000000000047e-01,3.466666666666667895e-02
3.700000000000000000e+02,1.610000000000000042e-01,2.383333333333331749e-02
3.750000000000000000e+02,1.029999999999999943e-01,1.500000000000001332e-02
3.800000000000000000e+02,8.000000000000000167e-02,1.116666666666665808e-02
3.850000000000000000e+02,6.900000000000000577e-02,9.166666666666677121e-03
3.900000000000000000e+02,6.300000000000000044e-02,7.499999999999999722e-03
3.950000000000000000e+02,5.999999999999999778e-02,7.166666666666661467e-03
4.000000000000000000e+02,5.700000000000000205e-02,6.166666666666667518e-03
4.050000000000000000e+02,5.399999999999999939e-02,4.833333333333335313e-03
4.100000000000000000e+02,5.299999999999999850e-02,4.833333333333335313e-03
4.150000000000000000e+02,5.099999999999999672e-02,3.833333333333334425e-03
4.200000000000000000e+02,5.000000000000000278e-02,4.000000000000010492e-03
4.250000000000000000e+02,4.800000000000000100e-02,2.500000000000009159e-03
4.300000000000000000e+02,4.700000000000000011e-02,2.500000000000009159e-03
4.350000000000000000e+02,4.599999999999999922e-02,2.333333333333340032e-03
4.400000000000000000e+02,4.499999999999999833e-02,1.833333333333332649e-03
4.450000000000000000e+02,4.399999999999999745e-02,1.666666666666663521e-03
4.500000000000000000e+02,4.299999999999999656e-02,9.999999999999939493e-04
4.550000000000000000e+02,4.200000000000000261e-02,5.000000000000004441e-04
4.600000000000000000e+02,4.200000000000000261e-02,1.000000000000000888e-03
4.650000000000000000e+02,4.100000000000000172e-02,6.666666666666626329e-04
4.700000000000000000e+02,4.100000000000000172e-02,1.000000000000000888e-03
4.750000000000000000e+02,4.000000000000000083e-02,3.333333333333313164e-04
4.800000000000000000e+02,4.000000000000000083e-02,6.666666666666626329e-04
4.850000000000000000e+02,3.899999999999999994e-02,-1.666666666666691277e-04
4.900000000000000000e+02,3.899999999999999994e-02,1.666666666666621888e-04
4.950000000000000000e+02,3.899999999999999994e-02,3.333333333333313164e-04
5.000000000000000000e+02,3.799999999999999906e-02,-6.666666666666695718e-04
5.050000000000000000e+02,3.799999999999999906e-02,-3.333333333333382553e-04
5.100000000000000000e+02,3.799999999999999906e-02,-3.333333333333382553e-04
5.150000000000000000e+02,3.799999999999999906e-02,-5.000000000000004441e-04
5.200000000000000000e+02,3.799999999999999906e-02,-5.000000000000004441e-04
5.250000000000000000e+02,3.799999999999999906e-02,-3.333333333333382553e-04
5.300000000000000000e+02,3.699999999999999817e-02,-1.500000000000001332e-03
5.350000000000000000e+02,3.699999999999999817e-02,-1.666666666666670460e-03
5.400000000000000000e+02,3.699999999999999817e-02,-1.833333333333339588e-03
5.450000000000000000e+02,3.799999999999999906e-02,-8.333333333333386994e-04
5.500000000000000000e+02,3.799999999999999906e-02,-8.333333333333386994e-04
5.550000000000000000e+02,3.799999999999999906e-02,-1.000000000000000888e-03
5.600000000000000000e+02,3.699999999999999817e-02,-1.833333333333339588e-03
5.650000000000000000e+02,3.699999999999999817e-02,-2.166666666666670904e-03
5.700000000000000000e+02,3.699999999999999817e-02,-2.166666666666670904e-03
5.750000000000000000e+02,3.699999999999999817e-02,-2.166666666666670904e-03
5.800000000000000000e+02,3.699999999999999817e-02,-2.166666666666670904e-03
5.850000000000000000e+02,3.699999999999999817e-02,-2.166666666666670904e-03
5.900000000000000000e+02,3.699999999999999817e-02,-2.666666666666671348e-03
5.950000000000000000e+02,3.699999999999999817e-02,-2.500000000000002220e-03
6.000000000000000000e+02,3.699999999999999817e-02,-2.833333333333340476e-03
6.050000000000000000e+02,3.699999999999999817e-02,-2.833333333333340476e-03
6.100000000000000000e+02,3.699999999999999817e-02,-2.833333333333340476e-03
6.150000000000000000e+02,3.699999999999999817e-02,-2.500000000000002220e-03
6.200000000000000000e+02,3.699999999999999817e-02,-2.333333333333340032e-03
6.250000000000000000e+02,3.699999999999999817e-02,-2.333333333333340032e-03
6.300000000000000000e+02,3.599999999999999728e-02,-3.166666666666671792e-03
6.350000000000000000e+02,3.599999999999999728e-02,-3.166666666666671792e-03
6.400000000000000000e+02,3.599999999999999728e-02,-2.833333333333340476e-03
6.450000000000000000e+02,3.599999999999999728e-02,-2.833333333333340476e-03
6.500000000000000000e+02,3.599999999999999728e-02,-2.666666666666671348e-03
6.550000000000000000e+02,3.599999999999999728e-02,-2.666666666666671348e-03
6.600000000000000000e+02,3.599999999999999728e-02,-2.833333333333340476e-03
6.650000000000000000e+02,3.599999999999999728e-02,-2.666666666666671348e-03
6.700000000000000000e+02,3.599999999999999728e-02,-2.500000000000002220e-03
6.750000000000000000e+02,3.599999999999999728e-02,-2.500000000000002220e-03
6.800000000000000000e+02,3.599999999999999728e-02,-2.333333333333340032e-03
6.850000000000000000e+02,3.599999999999999728e-02,-2.333333333333340032e-03
6.900000000000000000e+02,3.599999999999999728e-02,-2.166666666666670904e-03
6.950000000000000000e+02,3.599999999999999728e-02,-2.333333333333340032e-03
7.000000000000000000e+02,3.599999999999999728e-02,-2.500000000000002220e-03
7.050000000000000000e+02,3.699999999999999817e-02,-2.333333333333340032e-03
7.100000000000000000e+02,3.699999999999999817e-02,-3.666666666666665297e-03
7.150000000000000000e+02,3.799999999999999906e-02,-3.666666666666665297e-03
7.200000000000000000e+02,3.899999999999999994e-02,-2.833333333333333537e-03
7.250000000000000000e+02,4.000000000000000083e-02,-2.666666666666664409e-03
7.300000000000000000e+02,4.200000000000000261e-02,-2.499999999999988343e-03
7.350000000000000000e+02,4.399999999999999745e-02,-2.499999999999995282e-03
7.400000000000000000e+02,4.499999999999999833e-02,-1.999999999999994837e-03
7.450000000000000000e+02,4.499999999999999833e-02,-2.166666666666663965e-03
7.500000000000000000e+02,4.499999999999999833e-02,-2.166666666666663965e-03
7.550000000000000000e+02,4.499999999999999833e-02,-2.166666666666663965e-03
7.600000000000000000e+02,4.499999999999999833e-02,-2.166666666666663965e-03
7.650000000000000000e+02,4.499999999999999833e-02,-1.833333333333332649e-03
7.700000000000000000e+02,4.499999999999999833e-02,-1.499999999999994393e-03
7.750000000000000000e+02,4.399999999999999745e-02,-2.166666666666663965e-03
7.800000000000000000e+02,4.399999999999999745e-02,-1.499999999999994393e-03
7.850000000000000000e+02,4.299999999999999656e-02,-2.166666666666663965e-03
7.900000000000000000e+02,4.299999999999999656e-02,-1.333333333333332205e-03
7.950000000000000000e+02,4.299999999999999656e-02,-9.999999999999939493e-04
8.000000000000000000e+02,4.200000000000000261e-02,-1.166666666666663077e-03
8.050000000000000000e+02,4.200000000000000261e-02,-1.166666666666663077e-03
8.100000000000000000e+02,4.200000000000000261e-02,-1.000000000000000888e-03
8.150000000000000000e+02,4.200000000000000261e-02,-1.166666666666663077e-03
8.200000000000000000e+02,4.299999999999999656e-02,-8.333333333333317605e-04
8.250000000000000000e+02,4.399999999999999745e-02,-6.666666666666626329e-04
8.300000000000000000e+02,4.599999999999999922e-02,-9.999999999999939493e-04
8.350000000000000000e+02,4.800000000000000100e-02,-1.333333333333332205e-03
8.400000000000000000e+02,4.900000000000000189e-02,-8.333333333333317605e-04
8.450000000000000000e+02,5.000000000000000278e-02,-6.666666666666626329e-04
8.500000000000000000e+02,5.099999999999999672e-02,-5.000000000000004441e-04
8.550000000000000000e+02,5.199999999999999761e-02,0.000000000000000000e+00
8.600000000000000000e+02,5.299999999999999850e-02,-5.000000000000004441e-04
8.650000000000000000e+02,5.500000000000000028e-02,-5.000000000000004441e-04
8.700000000000000000e+02,5.800000000000000294e-02,-4.999999999999935052e-04
8.750000000000000000e+02,6.099999999999999867e-02,-1.666666666666691277e-04
8.800000000000000000e+02,5.999999999999999778e-02,-3.333333333333313164e-04
8.850000000000000000e+02,5.899999999999999689e-02,-5.000000000000004441e-04
8.900000000000000000e+02,5.899999999999999689e-02,-1.666666666666691277e-04
8.950000000000000000e+02,5.899999999999999689e-02,-1.000000000000000888e-03
9.000000000000000000e+02,6.099999999999999867e-02,-1.666666666666691277e-04
9.050000000000000000e+02,6.199999999999999956e-02,-6.666666666666626329e-04
9.100000000000000000e+02,6.400000000000000133e-02,-1.166666666666663077e-03
9.150000000000000000e+02,6.800000000000000488e-02,-1.666666666666621888e-04
9.200000000000000000e+02,7.199999999999999456e-02,1.666666666666621888e-04
9.250000000000000000e+02,7.900000000000000078e-02,0.000000000000000000e+00
9.300000000000000000e+02,8.799999999999999489e-02,-3.333333333333243775e-04
9.350000000000000000e+02,1.010000000000000064e-01,1.387778780781445676e-17
9.400000000000000000e+02,1.130000000000000032e-01,-8.333333333333386994e-04
9.450000000000000000e+02,1.330000000000000071e-01,-1.666666666666760666e-04
9.500000000000000000e+02,1.590000000000000024e-01,-8.333333333333525772e-04
9.550000000000000000e+02,1.920000000000000040e-01,-1.666666666666760666e-04
9.600000000000000000e+02,2.190000000000000002e-01,-1.666666666666483110e-04
9.650000000000000000e+02,2.300000000000000100e-01,0.000000000000000000e+00
9.700000000000000000e+02,2.349999999999999867e-01,0.000000000000000000e+00
9.750000000000000000e+02,2.369999999999999885e-01,-6.666666666666765106e-04
9.800000000000000000e+02,2.379999999999999893e-01,1.000000000000028644e-03
9.850000000000000000e+02,2.330000000000000127e-01,1.666666666666760666e-04
9.900000000000000000e+02,2.250000000000000056e-01,8.333333333332970660e-04
9.950000000000000000e+02,2.210000000000000020e-01,1.166666666666676955e-03
