wavelength,absorbance,subtracted_absorbance
3.000000000000000000e+02,9.170000000000000373e-01,2.601666666666665462e-01
3.050000000000000000e+02,7.570000000000000062e-01,2.431666666666667531e-01
3.100000000000000000e+02,6.790000000000000480e-01,2.266666666666667385e-01
3.150000000000000000e+02,6.239999999999999991e-01,2.103333333333333721e-01
3.200000000000000000e+02,5.669999999999999485e-01,1.916666666666666519e-01
3.250000000000000000e+02,5.150000000000000133e-01,1.715000000000000968e-01
3.300000000000000000e+02,4.670000000000000262e-01,1.506666666666666710e-01
3.350000000000000000e+02,4.169999999999999818e-01,1.288333333333333552e-01
3.400000000000000000e+02,3.760000000000000009e-01,1.108333333333332837e-01
3.450000000000000000e+02,3.420000000000000262e-01,9.300000000000005485e-02
3.500000000000000000e+02,3.170000000000000040e-01,7.883333333333336634e-02
3.550000000000000000e+02,2.949999999999999845e-01,6.700000000000000400e-02
3.600000000000000000e+02,2.710000000000000187e-01,5.766666666666667163e-02
3.650000000000000000e+02,2.389999999999999902e-01,4.966666666666666452e-02
3.700000000000000000e+02,1.799999999999999933e-01,4.283333333333330661e-02
3.750000000000000000e+02,1.270000000000000018e-01,3.900000000000002076e-02
3.800000000000000000e+02,1.059999999999999970e-01,3.716666666666665342e-02
3.850000000000000000e+02,9.299999999999999933e-02,3.316666666666667068e-02
3.900000000000000000e+02,8.699999999999999400e-02,3.149999999999999328e-02
3.950000000000000000e+02,8.100000000000000255e-02,2.816666666666666624e-02
4.000000000000000000e+02,7.699999999999999900e-02,2.616666666666666446e-02
4.050000000000000000e+02,7.299999999999999545e-02,2.383333333333333137e-02
4.100000000000000000e+02,7.000000000000000666e-02,2.183333333333334347e-02
4.150000000000000000e+02,6.700000000000000400e-02,1.983333333333334170e-02
4.200000000000000000e+02,6.400000000000000133e-02,1.800000000000000905e-02
4.250000000000000000e+02,6.099999999999999867e-02,1.550000000000000683e-02
4.300000000000000000e+02,5.899999999999999689e-02,1.450000000000000594e-02
4.350000000000000000e+02,5.700000000000000205e-02,1.333333333333334286e-02
4.400000000000000000e+02,5.500000000000000028e-02,1.183333333333333459e-02
4.450000000000000000e+02,5.299999999999999850e-02,1.066666666666666458e-02
4.500000000000000000e+02,5.199999999999999761e-02,9.999999999999995004e-03
4.550000000000000000e+02,5.099999999999999672e-02,9.499999999999994560e-03
4.600000000000000000e+02,5.000000000000000278e-02,9.000000000000001055e-03
4.650000000000000000e+02,4.900000000000000189e-02,8.666666666666662799e-03
4.700000000000000000e+02,4.800000000000000100e-02,8.000000000000000167e-03
4.750000000000000000e+02,4.800000000000000100e-02,8.333333333333331483e-03
4.800000000000000000e+02,4.700000000000000011e-02,7.666666666666661911e-03
4.850000000000000000e+02,4.700000000000000011e-02,7.833333333333331039e-03
4.900000000000000000e+02,4.700000000000000011e-02,8.166666666666662355e-03
4.950000000000000000e+02,4.700000000000000011e-02,8.333333333333331483e-03
5.000000000000000000e+02,4.700000000000000011e-02,8.333333333333331483e-03
5.050000000000000000e+02,4.700000000000000011e-02,8.666666666666662799e-03
5.100000000000000000e+02,4.700000000000000011e-02,8.666666666666662799e-03
5.150000000000000000e+02,4.700000000000000011e-02,8.500000000000000611e-03
5.200000000000000000e+02,4.700000000000000011e-02,8.500000000000000611e-03
5.250000000000000000e+02,4.700000000000000011e-02,8.666666666666662799e-03
5.300000000000000000e+02,4.700000000000000011e-02,8.500000000000000611e-03
5.350000000000000000e+02,4.700000000000000011e-02,8.333333333333331483e-03
5.400000000000000000e+02,4.700000000000000011e-02,8.166666666666662355e-03
5.450000000000000000e+02,4.700000000000000011e-02,8.166666666666662355e-03
5.500000000000000000e+02,4.700000000000000011e-02,8.166666666666662355e-03
5.550000000000000000e+02,4.700000000000000011e-02,8.000000000000000167e-03
5.600000000000000000e+02,4.700000000000000011e-02,8.166666666666662355e-03
5.650000000000000000e+02,4.700000000000000011e-02,7.833333333333331039e-03
5.700000000000000000e+02,4.599999999999999922e-02,6.833333333333330151e-03
5.750000000000000000e+02,4.599999999999999922e-02,6.833333333333330151e-03
5.800000000000000000e+02,4.599999999999999922e-02,6.833333333333330151e-03
5.850000000000000000e+02,4.599999999999999922e-02,6.833333333333330151e-03
5.900000000000000000e+02,4.599999999999999922e-02,6.333333333333329707e-03
5.950000000000000000e+02,4.599999999999999922e-02,6.499999999999998834e-03
6.000000000000000000e+02,4.599999999999999922e-02,6.166666666666660579e-03
6.050000000000000000e+02,4.599999999999999922e-02,6.166666666666660579e-03
6.100000000000000000e+02,4.499999999999999833e-02,5.166666666666659691e-03
6.150000000000000000e+02,4.499999999999999833e-02,5.499999999999997946e-03
6.200000000000000000e+02,4.499999999999999833e-02,5.666666666666660135e-03
6.250000000000000000e+02,4.499999999999999833e-02,5.666666666666660135e-03
6.300000000000000000e+02,4.399999999999999745e-02,4.833333333333328374e-03
6.350000000000000000e+02,4.399999999999999745e-02,4.833333333333328374e-03
6.400000000000000000e+02,4.399999999999999745e-02,5.166666666666659691e-03
6.450000000000000000e+02,4.399999999999999745e-02,5.166666666666659691e-03
6.500000000000000000e+02,4.399999999999999745e-02,5.333333333333328818e-03
6.550000000000000000e+02,4.399999999999999745e-02,5.333333333333328818e-03
6.600000000000000000e+02,4.399999999999999745e-02,5.166666666666659691e-03
6.650000000000000000e+02,4.399999999999999745e-02,5.333333333333328818e-03
6.700000000000000000e+02,4.399999999999999745e-02,5.499999999999997946e-03
6.750000000000000000e+02,4.399999999999999745e-02,5.499999999999997946e-03
6.800000000000000000e+02,4.399999999999999745e-02,5.666666666666660135e-03
6.850000000000000000e+02,4.399999999999999745e-02,5.666666666666660135e-03
6.900000000000000000e+02,4.399999999999999745e-02,5.833333333333329263e-03
6.950000000000000000e+02,4.399999999999999745e-02,5.666666666666660135e-03
7.000000000000000000e+02,4.499999999999999833e-02,6.499999999999998834e-03
7.050000000000000000e+02,4.499999999999999833e-02,5.666666666666660135e-03
7.100000000000000000e+02,4.599999999999999922e-02,5.333333333333335757e-03
7.150000000000000000e+02,4.700000000000000011e-02,5.333333333333335757e-03
7.200000000000000000e+02,4.800000000000000100e-02,6.166666666666667518e-03
7.250000000000000000e+02,4.900000000000000189e-02,6.333333333333336645e-03
7.300000000000000000e+02,5.099999999999999672e-02,6.500000000000005773e-03
7.350000000000000000e+02,5.299999999999999850e-02,6.500000000000005773e-03
7.400000000000000000e+02,5.399999999999999939e-02,7.000000000000006217e-03
7.450000000000000000e+02,5.399999999999999939e-02,6.833333333333337090e-03
7.500000000000000000e+02,5.500000000000000028e-02,7.833333333333337978e-03
7.550000000000000000e+02,5.500000000000000028e-02,7.833333333333337978e-03
7.600000000000000000e+02,5.500000000000000028e-02,7.833333333333337978e-03
7.650000000000000000e+02,5.500000000000000028e-02,8.166666666666669294e-03
7.700000000000000000e+02,5.500000000000000028e-02,8.500000000000007550e-03
7.750000000000000000e+02,5.500000000000000028e-02,8.833333333333338866e-03
7.800000000000000000e+02,5.500000000000000028e-02,9.500000000000008438e-03
7.850000000000000000e+02,5.399999999999999939e-02,8.833333333333338866e-03
7.900000000000000000e+02,5.399999999999999939e-02,9.666666666666670626e-03
7.950000000000000000e+02,5.399999999999999939e-02,1.000000000000000888e-02
8.000000000000000000e+02,5.299999999999999850e-02,9.833333333333332815e-03
8.050000000000000000e+02,5.299999999999999850e-02,9.833333333333332815e-03
8.100000000000000000e+02,5.299999999999999850e-02,9.999999999999995004e-03
8.150000000000000000e+02,5.299999999999999850e-02,9.833333333333332815e-03
8.200000000000000000e+02,5.500000000000000028e-02,1.116666666666667196e-02
8.250000000000000000e+02,5.500000000000000028e-02,1.033333333333334020e-02
8.300000000000000000e+02,5.700000000000000205e-02,1.000000000000000888e-02
8.350000000000000000e+02,5.899999999999999689e-02,9.666666666666663688e-03
8.400000000000000000e+02,5.999999999999999778e-02,1.016666666666666413e-02
8.450000000000000000e+02,6.099999999999999867e-02,1.033333333333333326e-02
8.500000000000000000e+02,6.199999999999999956e-02,1.050000000000000239e-02
8.550000000000000000e+02,6.300000000000000044e-02,1.100000000000000283e-02
8.600000000000000000e+02,6.400000000000000133e-02,1.050000000000000239e-02
8.650000000000000000e+02,6.600000000000000311e-02,1.050000000000000239e-02
8.700000000000000000e+02,7.000000000000000666e-02,1.150000000000001021e-02
8.750000000000000000e+02,7.199999999999999456e-02,1.083333333333332676e-02
8.800000000000000000e+02,7.199999999999999456e-02,1.166666666666666546e-02
8.850000000000000000e+02,7.000000000000000666e-02,1.050000000000000933e-02
8.900000000000000000e+02,7.000000000000000666e-02,1.083333333333334064e-02
8.950000000000000000e+02,7.000000000000000666e-02,1.000000000000000888e-02
9.000000000000000000e+02,7.199999999999999456e-02,1.083333333333332676e-02
9.050000000000000000e+02,7.299999999999999545e-02,1.033333333333333326e-02
9.100000000000000000e+02,7.499999999999999722e-02,9.833333333333332815e-03
9.150000000000000000e+02,7.799999999999999989e-02,9.833333333333332815e-03
9.200000000000000000e+02,8.200000000000000344e-02,1.016666666666667107e-02
9.250000000000000000e+02,8.799999999999999489e-02,8.999999999999994116e-03
9.300000000000000000e+02,9.700000000000000289e-02,8.666666666666683616e-03
9.350000000000000000e+02,1.079999999999999988e-01,7.000000000000006217e-03
9.400000000000000000e+02,1.189999999999999947e-01,5.166666666666652752e-03
9.450000000000000000e+02,1.370000000000000107e-01,3.833333333333327486e-03
9.500000000000000000e+02,1.610000000000000042e-01,1.166666666666649199e-03
9.550000000000000000e+02,1.910000000000000031e-01,-1.166666666666676955e-03
9.600000000000000000e+02,2.149999999999999967e-01,-4.166666666666651864e-03
9.650000000000000000e+02,2.260000000000000064e-01,-4.000000000000003553e-03
9.700000000000000000e+02,2.300000000000000100e-01,-4.999999999999976685e-03
9.750000000000000000e+02,2.330000000000000127e-01,-4.666666666666652308e-03
9.800000000000000000e+02,2.320000000000000118e-01,-4.999999999999948930e-03
9.850000000000000000e+02,2.280000000000000082e-01,-4.833333333333328374e-03
9.900000000000000000e+02,2.210000000000000020e-01,-3.166666666666706487e-03
9.950000000000000000e+02,2.159999999999999976e-01,-3.833333333333327486e-03
