wavelength,absorbance,subtracted_absorbance
3.000000000000000000e+02,6.800000000000000488e-01,2.316666666666655772e-02
3.050000000000000000e+02,5.460000000000000409e-01,3.216666666666678775e-02
3.100000000000000000e+02,4.839999999999999858e-01,3.166666666666667629e-02
3.150000000000000000e+02,4.450000000000000067e-01,3.133333333333337967e-02
3.200000000000000000e+02,4.060000000000000275e-01,3.066666666666673091e-02
3.250000000000000000e+02,3.750000000000000000e-01,3.150000000000008349e-02
3.300000000000000000e+02,3.479999999999999760e-01,3.166666666666662078e-02
3.350000000000000000e+02,3.200000000000000067e-01,3.183333333333338011e-02
3.400000000000000000e+02,2.979999999999999871e-01,3.283333333333326998e-02
3.450000000000000000e+02,2.810000000000000275e-01,3.200000000000005618e-02
3.500000000000000000e+02,2.700000000000000178e-01,3.183333333333338011e-02
3.550000000000000000e+02,2.590000000000000080e-01,3.100000000000002753e-02
3.600000000000000000e+02,2.439999999999999947e-01,3.066666666666664764e-02
3.650000000000000000e+02,2.179999999999999993e-01,2.866666666666667362e-02
3.700000000000000000e+02,1.630000000000000060e-01,2.583333333333331927e-02
3.750000000000000000e+02,1.039999999999999952e-01,1.600000000000001421e-02
3.800000000000000000e+02,8.200000000000000344e-02,1.316666666666665986e-02
3.850000000000000000e+02,7.099999999999999367e-02,1.116666666666666502e-02
3.900000000000000000e+02,6.600000000000000311e-02,1.050000000000000239e-02
3.950000000000000000e+02,6.300000000000000044e-02,1.016666666666666413e-02
4.000000000000000000e+02,5.999999999999999778e-02,9.166666666666663243e-03
4.050000000000000000e+02,5.800000000000000294e-02,8.833333333333338866e-03
4.100000000000000000e+02,5.700000000000000205e-02,8.833333333333338866e-03
4.150000000000000000e+02,5.500000000000000028e-02,7.833333333333337978e-03
4.200000000000000000e+02,5.399999999999999939e-02,8.000000000000007105e-03
4.250000000000000000e+02,5.299999999999999850e-02,7.500000000000006661e-03
4.300000000000000000e+02,5.199999999999999761e-02,7.500000000000006661e-03
4.350000000000000000e+02,5.099999999999999672e-02,7.333333333333337534e-03
4.400000000000000000e+02,5.000000000000000278e-02,6.833333333333337090e-03
4.450000000000000000e+02,4.900000000000000189e-02,6.666666666666667962e-03
4.500000000000000000e+02,4.800000000000000100e-02,5.999999999999998390e-03
4.550000000000000000e+02,4.700000000000000011e-02,5.499999999999997946e-03
4.600000000000000000e+02,4.599999999999999922e-02,4.999999999999997502e-03
4.650000000000000000e+02,4.599999999999999922e-02,5.666666666666660135e-03
4.700000000000000000e+02,4.499999999999999833e-02,4.999999999999997502e-03
4.750000000000000000e+02,4.399999999999999745e-02,4.333333333333327930e-03
4.800000000000000000e+02,4.299999999999999656e-02,3.666666666666658358e-03
4.850000000000000000e+02,4.299999999999999656e-02,3.833333333333327486e-03
4.900000000000000000e+02,4.299999999999999656e-02,4.166666666666658803e-03
4.950000000000000000e+02,4.200000000000000261e-02,3.333333333333333981e-03
5.000000000000000000e+02,4.200000000000000261e-02,3.333333333333333981e-03
5.050000000000000000e+02,4.100000000000000172e-02,2.666666666666664409e-03
5.100000000000000000e+02,4.100000000000000172e-02,2.666666666666664409e-03
5.150000000000000000e+02,4.100000000000000172e-02,2.500000000000002220e-03
5.200000000000000000e+02,4.100000000000000172e-02,2.500000000000002220e-03
5.250000000000000000e+02,4.100000000000000172e-02,2.666666666666664409e-03
5.300000000000000000e+02,4.100000000000000172e-02,2.500000000000002220e-03
5.350000000000000000e+02,4.100000000000000172e-02,2.333333333333333093e-03
5.400000000000000000e+02,4.000000000000000083e-02,1.166666666666663077e-03
5.450000000000000000e+02,4.000000000000000083e-02,1.166666666666663077e-03
5.500000000000000000e+02,4.000000000000000083e-02,1.166666666666663077e-03
5.550000000000000000e+02,4.000000000000000083e-02,1.000000000000000888e-03
5.600000000000000000e+02,4.000000000000000083e-02,1.166666666666663077e-03
5.650000000000000000e+02,4.000000000000000083e-02,8.333333333333317605e-04
5.700000000000000000e+02,4.000000000000000083e-02,8.333333333333317605e-04
5.750000000000000000e+02,4.000000000000000083e-02,8.333333333333317605e-04
5.800000000000000000e+02,4.000000000000000083e-02,8.333333333333317605e-04
5.850000000000000000e+02,4.000000000000000083e-02,8.333333333333317605e-04
5.900000000000000000e+02,4.000000000000000083e-02,3.333333333333313164e-04
5.950000000000000000e+02,4.000000000000000083e-02,5.000000000000004441e-04
6.000000000000000000e+02,4.000000000000000083e-02,1.666666666666621888e-04
6.050000000000000000e+02,4.000000000000000083e-02,1.666666666666621888e-04
6.100000000000000000e+02,4.000000000000000083e-02,1.666666666666621888e-04
6.150000000000000000e+02,4.000000000000000083e-02,5.000000000000004441e-04
6.200000000000000000e+02,3.899999999999999994e-02,-3.333333333333382553e-04
6.250000000000000000e+02,3.899999999999999994e-02,-3.333333333333382553e-04
6.300000000000000000e+02,3.899999999999999994e-02,-1.666666666666691277e-04
6.350000000000000000e+02,3.899999999999999994e-02,-1.666666666666691277e-04
6.400000000000000000e+02,3.899999999999999994e-02,1.666666666666621888e-04
6.450000000000000000e+02,3.899999999999999994e-02,1.666666666666621888e-04
6.500000000000000000e+02,3.899999999999999994e-02,3.333333333333313164e-04
6.550000000000000000e+02,3.899999999999999994e-02,3.333333333333313164e-04
6.600000000000000000e+02,3.899999999999999994e-02,1.666666666666621888e-04
6.650000000000000000e+02,3.899999999999999994e-02,3.333333333333313164e-04
6.700000000000000000e+02,3.899999999999999994e-02,5.000000000000004441e-04
6.750000000000000000e+02,3.899999999999999994e-02,5.000000000000004441e-04
6.800000000000000000e+02,3.899999999999999994e-02,6.666666666666626329e-04
6.850000000000000000e+02,3.899999999999999994e-02,6.666666666666626329e-04
6.900000000000000000e+02,3.899999999999999994e-02,8.333333333333317605e-04
6.950000000000000000e+02,3.899999999999999994e-02,6.666666666666626329e-04
7.000000000000000000e+02,4.000000000000000083e-02,1.500000000000001332e-03
7.050000000000000000e+02,4.000000000000000083e-02,6.666666666666626329e-04
7.100000000000000000e+02,4.200000000000000261e-02,1.333333333333339144e-03
7.150000000000000000e+02,4.299999999999999656e-02,1.333333333333332205e-03
7.200000000000000000e+02,4.299999999999999656e-02,1.166666666666663077e-03
7.250000000000000000e+02,4.399999999999999745e-02,1.333333333333332205e-03
7.300000000000000000e+02,4.599999999999999922e-02,1.500000000000008271e-03
7.350000000000000000e+02,4.800000000000000100e-02,1.500000000000008271e-03
7.400000000000000000e+02,4.900000000000000189e-02,2.000000000000008715e-03
7.450000000000000000e+02,4.900000000000000189e-02,1.833333333333339588e-03
7.500000000000000000e+02,4.900000000000000189e-02,1.833333333333339588e-03
7.550000000000000000e+02,4.900000000000000189e-02,1.833333333333339588e-03
7.600000000000000000e+02,4.900000000000000189e-02,1.833333333333339588e-03
7.650000000000000000e+02,4.900000000000000189e-02,2.166666666666670904e-03
7.700000000000000000e+02,4.900000000000000189e-02,2.500000000000009159e-03
7.750000000000000000e+02,4.800000000000000100e-02,1.833333333333339588e-03
7.800000000000000000e+02,4.800000000000000100e-02,2.500000000000009159e-03
7.850000000000000000e+02,4.800000000000000100e-02,2.833333333333340476e-03
7.900000000000000000e+02,4.700000000000000011e-02,2.666666666666671348e-03
7.950000000000000000e+02,4.700000000000000011e-02,3.000000000000009603e-03
8.000000000000000000e+02,4.700000000000000011e-02,3.833333333333334425e-03
8.050000000000000000e+02,4.599999999999999922e-02,2.833333333333333537e-03
8.100000000000000000e+02,4.599999999999999922e-02,2.999999999999995726e-03
8.150000000000000000e+02,4.700000000000000011e-02,3.833333333333334425e-03
8.200000000000000000e+02,4.800000000000000100e-02,4.166666666666672680e-03
8.250000000000000000e+02,4.800000000000000100e-02,3.333333333333340920e-03
8.300000000000000000e+02,5.000000000000000278e-02,3.000000000000009603e-03
8.350000000000000000e+02,5.199999999999999761e-02,2.666666666666664409e-03
8.400000000000000000e+02,5.299999999999999850e-02,3.166666666666664853e-03
8.450000000000000000e+02,5.399999999999999939e-02,3.333333333333333981e-03
8.500000000000000000e+02,5.500000000000000028e-02,3.500000000000003109e-03
8.550000000000000000e+02,5.500000000000000028e-02,3.000000000000002665e-03
8.600000000000000000e+02,5.700000000000000205e-02,3.500000000000003109e-03
8.650000000000000000e+02,5.800000000000000294e-02,2.500000000000002220e-03
8.700000000000000000e+02,6.099999999999999867e-02,2.500000000000002220e-03
8.750000000000000000e+02,6.400000000000000133e-02,2.833333333333333537e-03
8.800000000000000000e+02,6.300000000000000044e-02,2.666666666666671348e-03
8.850000000000000000e+02,6.300000000000000044e-02,3.500000000000003109e-03
8.900000000000000000e+02,6.199999999999999956e-02,2.833333333333333537e-03
8.950000000000000000e+02,6.300000000000000044e-02,3.000000000000002665e-03
9.000000000000000000e+02,6.400000000000000133e-02,2.833333333333333537e-03
9.050000000000000000e+02,6.500000000000000222e-02,2.333333333333340032e-03
9.100000000000000000e+02,6.800000000000000488e-02,2.833333333333340476e-03
9.150000000000000000e+02,7.099999999999999367e-02,2.833333333333326598e-03
9.200000000000000000e+02,7.399999999999999634e-02,2.166666666666663965e-03
9.250000000000000000e+02,8.100000000000000255e-02,2.000000000000001776e-03
9.300000000000000000e+02,8.899999999999999578e-02,6.666666666666765106e-04
9.350000000000000000e+02,1.000000000000000056e-01,-9.999999999999870104e-04
9.400000000000000000e+02,1.120000000000000023e-01,-1.833333333333339588e-03
9.450000000000000000e+02,1.290000000000000036e-01,-4.166666666666679619e-03
9.500000000000000000e+02,1.529999999999999971e-01,-6.833333333333357906e-03
9.550000000000000000e+02,1.829999999999999960e-01,-9.166666666666684060e-03
9.600000000000000000e+02,2.069999999999999896e-01,-1.216666666666665897e-02
9.650000000000000000e+02,2.169999999999999984e-01,-1.300000000000001155e-02
9.700000000000000000e+02,2.220000000000000029e-01,-1.299999999999998379e-02
9.750000000000000000e+02,2.240000000000000047e-01,-1.366666666666666030e-02
9.800000000000000000e+02,2.230000000000000038e-01,-1.399999999999995692e-02
9.850000000000000000e+02,2.200000000000000011e-01,-1.283333333333333548e-02
9.900000000000000000e+02,2.119999999999999940e-01,-1.216666666666671448e-02
9.950000000000000000e+02,2.079999999999999905e-01,-1.183333333333333459e-02
