wavelength,absorbance,subtracted_absorbance
3.000000000000000000e+02,8.840000000000000080e-01,2.271666666666665169e-01
3.050000000000000000e+02,7.489999999999999991e-01,2.351666666666667460e-01
3.100000000000000000e+02,6.899999999999999467e-01,2.376666666666666372e-01
3.150000000000000000e+02,6.520000000000000240e-01,2.383333333333333970e-01
3.200000000000000000e+02,6.109999999999999876e-01,2.356666666666666909e-01
3.250000000000000000e+02,5.789999999999999591e-01,2.355000000000000426e-01
3.300000000000000000e+02,5.500000000000000444e-01,2.336666666666666892e-01
3.350000000000000000e+02,5.210000000000000187e-01,2.328333333333333921e-01
3.400000000000000000e+02,4.969999999999999973e-01,2.318333333333332802e-01
3.450000000000000000e+02,4.799999999999999822e-01,2.310000000000000109e-01
3.500000000000000000e+02,4.699999999999999734e-01,2.318333333333333357e-01
3.550000000000000000e+02,4.610000000000000209e-01,2.330000000000000404e-01
3.600000000000000000e+02,4.480000000000000093e-01,2.346666666666666623e-01
3.650000000000000000e+02,4.189999999999999836e-01,2.296666666666666579e-01
3.700000000000000000e+02,3.529999999999999805e-01,2.158333333333332937e-01
3.750000000000000000e+02,2.849999999999999756e-01,1.970000000000000084e-01
3.800000000000000000e+02,2.600000000000000089e-01,1.911666666666666514e-01
3.850000000000000000e+02,2.500000000000000000e-01,1.901666666666666783e-01
3.900000000000000000e+02,2.449999999999999956e-01,1.895000000000000018e-01
3.950000000000000000e+02,2.409999999999999920e-01,1.881666666666666488e-01
4.000000000000000000e+02,2.389999999999999902e-01,1.881666666666666488e-01
4.050000000000000000e+02,2.369999999999999885e-01,1.878333333333333244e-01
4.100000000000000000e+02,2.349999999999999867e-01,1.868333333333333235e-01
4.150000000000000000e+02,2.340000000000000135e-01,1.868333333333333512e-01
4.200000000000000000e+02,2.320000000000000118e-01,1.860000000000000264e-01
4.250000000000000000e+02,2.300000000000000100e-01,1.845000000000000251e-01
4.300000000000000000e+02,2.280000000000000082e-01,1.835000000000000242e-01
4.350000000000000000e+02,2.270000000000000073e-01,1.833333333333333481e-01
4.400000000000000000e+02,2.250000000000000056e-01,1.818333333333333468e-01
4.450000000000000000e+02,2.240000000000000047e-01,1.816666666666666707e-01
4.500000000000000000e+02,2.220000000000000029e-01,1.799999999999999933e-01
4.550000000000000000e+02,2.210000000000000020e-01,1.794999999999999929e-01
4.600000000000000000e+02,2.190000000000000002e-01,1.779999999999999916e-01
4.650000000000000000e+02,2.179999999999999993e-01,1.776666666666666672e-01
4.700000000000000000e+02,2.159999999999999976e-01,1.759999999999999898e-01
4.750000000000000000e+02,2.149999999999999967e-01,1.753333333333333410e-01
4.800000000000000000e+02,2.149999999999999967e-01,1.756666666666666654e-01
4.850000000000000000e+02,2.149999999999999967e-01,1.758333333333333415e-01
4.900000000000000000e+02,2.169999999999999984e-01,1.781666666666666676e-01
4.950000000000000000e+02,2.200000000000000011e-01,1.813333333333333464e-01
5.000000000000000000e+02,2.250000000000000056e-01,1.863333333333333508e-01
5.050000000000000000e+02,2.320000000000000118e-01,1.936666666666666814e-01
5.100000000000000000e+02,2.399999999999999911e-01,2.016666666666666607e-01
5.150000000000000000e+02,2.479999999999999982e-01,2.094999999999999918e-01
5.200000000000000000e+02,2.560000000000000053e-01,2.174999999999999989e-01
5.250000000000000000e+02,2.640000000000000124e-01,2.256666666666666821e-01
5.300000000000000000e+02,2.680000000000000160e-01,2.295000000000000095e-01
5.350000000000000000e+02,2.740000000000000213e-01,2.353333333333333388e-01
5.400000000000000000e+02,2.770000000000000240e-01,2.381666666666666932e-01
5.450000000000000000e+02,2.780000000000000249e-01,2.391666666666666941e-01
5.500000000000000000e+02,2.780000000000000249e-01,2.391666666666666941e-01
5.550000000000000000e+02,2.770000000000000240e-01,2.380000000000000171e-01
5.600000000000000000e+02,2.750000000000000222e-01,2.361666666666666914e-01
5.650000000000000000e+02,2.740000000000000213e-01,2.348333333333333384e-01
5.700000000000000000e+02,2.710000000000000187e-01,2.318333333333333357e-01
5.750000000000000000e+02,2.690000000000000169e-01,2.298333333333333339e-01
5.800000000000000000e+02,2.680000000000000160e-01,2.288333333333333330e-01
5.850000000000000000e+02,2.660000000000000142e-01,2.268333333333333313e-01
5.900000000000000000e+02,2.640000000000000124e-01,2.243333333333333290e-01
5.950000000000000000e+02,2.640000000000000124e-01,2.245000000000000051e-01
6.000000000000000000e+02,2.620000000000000107e-01,2.221666666666666790e-01
6.050000000000000000e+02,2.610000000000000098e-01,2.211666666666666781e-01
6.100000000000000000e+02,2.600000000000000089e-01,2.201666666666666772e-01
6.150000000000000000e+02,2.590000000000000080e-01,2.195000000000000007e-01
6.200000000000000000e+02,2.580000000000000071e-01,2.186666666666666758e-01
6.250000000000000000e+02,2.570000000000000062e-01,2.176666666666666750e-01
6.300000000000000000e+02,2.560000000000000053e-01,2.168333333333333224e-01
6.350000000000000000e+02,2.550000000000000044e-01,2.158333333333333215e-01
6.400000000000000000e+02,2.540000000000000036e-01,2.151666666666666727e-01
6.450000000000000000e+02,2.540000000000000036e-01,2.151666666666666727e-01
6.500000000000000000e+02,2.530000000000000027e-01,2.143333333333333202e-01
6.550000000000000000e+02,2.520000000000000018e-01,2.133333333333333193e-01
6.600000000000000000e+02,2.520000000000000018e-01,2.131666666666666710e-01
6.650000000000000000e+02,2.520000000000000018e-01,2.133333333333333193e-01
6.700000000000000000e+02,2.510000000000000009e-01,2.124999999999999944e-01
6.750000000000000000e+02,2.510000000000000009e-01,2.124999999999999944e-01
6.800000000000000000e+02,2.520000000000000018e-01,2.136666666666666714e-01
6.850000000000000000e+02,2.510000000000000009e-01,2.126666666666666705e-01
6.900000000000000000e+02,2.520000000000000018e-01,2.138333333333333197e-01
6.950000000000000000e+02,2.520000000000000018e-01,2.136666666666666714e-01
7.000000000000000000e+02,2.530000000000000027e-01,2.144999999999999962e-01
7.050000000000000000e+02,2.560000000000000053e-01,2.166666666666666741e-01
7.100000000000000000e+02,2.590000000000000080e-01,2.183333333333333515e-01
7.150000000000000000e+02,2.590000000000000080e-01,2.173333333333333506e-01
7.200000000000000000e+02,2.600000000000000089e-01,2.181666666666666754e-01
7.250000000000000000e+02,2.610000000000000098e-01,2.183333333333333515e-01
7.300000000000000000e+02,2.630000000000000115e-01,2.185000000000000275e-01
7.350000000000000000e+02,2.660000000000000142e-01,2.195000000000000284e-01
7.400000000000000000e+02,2.670000000000000151e-01,2.200000000000000289e-01
7.450000000000000000e+02,2.680000000000000160e-01,2.208333333333333537e-01
7.500000000000000000e+02,2.690000000000000169e-01,2.218333333333333546e-01
7.550000000000000000e+02,2.700000000000000178e-01,2.228333333333333555e-01
7.600000000000000000e+02,2.710000000000000187e-01,2.238333333333333564e-01
7.650000000000000000e+02,2.700000000000000178e-01,2.231666666666666798e-01
7.700000000000000000e+02,2.710000000000000187e-01,2.245000000000000329e-01
7.750000000000000000e+02,2.710000000000000187e-01,2.248333333333333572e-01
7.800000000000000000e+02,2.710000000000000187e-01,2.255000000000000338e-01
7.850000000000000000e+02,2.710000000000000187e-01,2.258333333333333581e-01
7.900000000000000000e+02,2.710000000000000187e-01,2.266666666666666829e-01
7.950000000000000000e+02,2.710000000000000187e-01,2.270000000000000351e-01
8.000000000000000000e+02,2.710000000000000187e-01,2.278333333333333599e-01
8.050000000000000000e+02,2.710000000000000187e-01,2.278333333333333599e-01
8.100000000000000000e+02,2.710000000000000187e-01,2.280000000000000082e-01
8.150000000000000000e+02,2.720000000000000195e-01,2.288333333333333608e-01
8.200000000000000000e+02,2.760000000000000231e-01,2.321666666666666878e-01
8.250000000000000000e+02,2.720000000000000195e-01,2.273333333333333595e-01
8.300000000000000000e+02,2.740000000000000213e-01,2.270000000000000351e-01
8.350000000000000000e+02,2.770000000000000240e-01,2.276666666666666838e-01
8.400000000000000000e+02,2.790000000000000258e-01,2.291666666666666852e-01
8.450000000000000000e+02,2.790000000000000258e-01,2.283333333333333603e-01
8.500000000000000000e+02,2.800000000000000266e-01,2.285000000000000364e-01
8.550000000000000000e+02,2.810000000000000275e-01,2.290000000000000369e-01
8.600000000000000000e+02,2.819999999999999729e-01,2.284999999999999809e-01
8.650000000000000000e+02,2.829999999999999738e-01,2.274999999999999800e-01
8.700000000000000000e+02,2.859999999999999765e-01,2.274999999999999800e-01
8.750000000000000000e+02,2.889999999999999791e-01,2.278333333333333044e-01
8.800000000000000000e+02,2.909999999999999809e-01,2.306666666666666587e-01
8.850000000000000000e+02,2.829999999999999738e-01,2.234999999999999765e-01
8.900000000000000000e+02,2.849999999999999756e-01,2.258333333333333026e-01
8.950000000000000000e+02,2.859999999999999765e-01,2.259999999999999787e-01
9.000000000000000000e+02,2.859999999999999765e-01,2.248333333333333017e-01
9.050000000000000000e+02,2.859999999999999765e-01,2.233333333333333282e-01
9.100000000000000000e+02,2.889999999999999791e-01,2.238333333333333286e-01
9.150000000000000000e+02,2.929999999999999827e-01,2.248333333333333295e-01
9.200000000000000000e+02,2.929999999999999827e-01,2.211666666666666503e-01
9.250000000000000000e+02,2.999999999999999889e-01,2.209999999999999742e-01
9.300000000000000000e+02,3.089999999999999969e-01,2.206666666666666776e-01
9.350000000000000000e+02,3.220000000000000084e-01,2.210000000000000298e-01
9.400000000000000000e+02,3.310000000000000164e-01,2.171666666666666745e-01
9.450000000000000000e+02,3.509999999999999787e-01,2.178333333333332955e-01
9.500000000000000000e+02,3.760000000000000009e-01,2.161666666666666459e-01
9.550000000000000000e+02,4.060000000000000275e-01,2.138333333333333475e-01
9.600000000000000000e+02,4.329999999999999960e-01,2.138333333333333475e-01
9.650000000000000000e+02,4.430000000000000049e-01,2.129999999999999949e-01
9.700000000000000000e+02,4.470000000000000084e-01,2.120000000000000218e-01
9.750000000000000000e+02,4.500000000000000111e-01,2.123333333333333461e-01
9.800000000000000000e+02,4.450000000000000067e-01,2.080000000000000460e-01
9.850000000000000000e+02,4.410000000000000031e-01,2.081666666666666665e-01
9.900000000000000000e+02,4.359999999999999987e-01,2.118333333333332902e-01
9.950000000000000000e+02,4.229999999999999871e-01,2.031666666666666621e-01
