wavelength,absorbance,subtracted_absorbance
3.000000000000000000e+02,7.980000000000000426e-01,1.411666666666665515e-01
3.050000000000000000e+02,6.580000000000000293e-01,1.441666666666667762e-01
3.100000000000000000e+02,5.899999999999999689e-01,1.376666666666666594e-01
3.150000000000000000e+02,5.440000000000000391e-01,1.303333333333334121e-01
3.200000000000000000e+02,4.959999999999999964e-01,1.206666666666666998e-01
3.250000000000000000e+02,4.560000000000000164e-01,1.125000000000000999e-01
3.300000000000000000e+02,4.219999999999999862e-01,1.056666666666666310e-01
3.350000000000000000e+02,3.870000000000000107e-01,9.883333333333338411e-02
3.400000000000000000e+02,3.569999999999999840e-01,9.183333333333326687e-02
3.450000000000000000e+02,3.360000000000000209e-01,8.700000000000004952e-02
3.500000000000000000e+02,3.200000000000000067e-01,8.183333333333336901e-02
3.550000000000000000e+02,3.059999999999999942e-01,7.800000000000001377e-02
3.600000000000000000e+02,2.879999999999999782e-01,7.466666666666663121e-02
3.650000000000000000e+02,2.580000000000000071e-01,6.866666666666668140e-02
3.700000000000000000e+02,1.950000000000000067e-01,5.783333333333331994e-02
3.750000000000000000e+02,1.340000000000000080e-01,4.600000000000002698e-02
3.800000000000000000e+02,1.089999999999999997e-01,4.016666666666665608e-02
3.850000000000000000e+02,9.600000000000000200e-02,3.616666666666667335e-02
3.900000000000000000e+02,8.899999999999999578e-02,3.349999999999999506e-02
3.950000000000000000e+02,8.400000000000000522e-02,3.116666666666666891e-02
4.000000000000000000e+02,7.900000000000000078e-02,2.816666666666666624e-02
4.050000000000000000e+02,7.499999999999999722e-02,2.583333333333333315e-02
4.100000000000000000e+02,7.299999999999999545e-02,2.483333333333333226e-02
4.150000000000000000e+02,7.000000000000000666e-02,2.283333333333334436e-02
4.200000000000000000e+02,6.800000000000000488e-02,2.200000000000001260e-02
4.250000000000000000e+02,6.500000000000000222e-02,1.950000000000001038e-02
4.300000000000000000e+02,6.300000000000000044e-02,1.850000000000000949e-02
4.350000000000000000e+02,6.099999999999999867e-02,1.733333333333333948e-02
4.400000000000000000e+02,5.899999999999999689e-02,1.583333333333333121e-02
4.450000000000000000e+02,5.700000000000000205e-02,1.466666666666666813e-02
4.500000000000000000e+02,5.600000000000000117e-02,1.399999999999999856e-02
4.550000000000000000e+02,5.399999999999999939e-02,1.249999999999999722e-02
4.600000000000000000e+02,5.299999999999999850e-02,1.199999999999999678e-02
4.650000000000000000e+02,5.199999999999999761e-02,1.166666666666665853e-02
4.700000000000000000e+02,5.099999999999999672e-02,1.099999999999999589e-02
4.750000000000000000e+02,4.900000000000000189e-02,9.333333333333332371e-03
4.800000000000000000e+02,4.800000000000000100e-02,8.666666666666662799e-03
4.850000000000000000e+02,4.700000000000000011e-02,7.833333333333331039e-03
4.900000000000000000e+02,4.599999999999999922e-02,7.166666666666661467e-03
4.950000000000000000e+02,4.599999999999999922e-02,7.333333333333330595e-03
5.000000000000000000e+02,4.499999999999999833e-02,6.333333333333329707e-03
5.050000000000000000e+02,4.399999999999999745e-02,5.666666666666660135e-03
5.100000000000000000e+02,4.399999999999999745e-02,5.666666666666660135e-03
5.150000000000000000e+02,4.299999999999999656e-02,4.499999999999997058e-03
5.200000000000000000e+02,4.299999999999999656e-02,4.499999999999997058e-03
5.250000000000000000e+02,4.299999999999999656e-02,4.666666666666659247e-03
5.300000000000000000e+02,4.299999999999999656e-02,4.499999999999997058e-03
5.350000000000000000e+02,4.200000000000000261e-02,3.333333333333333981e-03
5.400000000000000000e+02,4.200000000000000261e-02,3.166666666666664853e-03
5.450000000000000000e+02,4.200000000000000261e-02,3.166666666666664853e-03
5.500000000000000000e+02,4.100000000000000172e-02,2.166666666666663965e-03
5.550000000000000000e+02,4.100000000000000172e-02,2.000000000000001776e-03
5.600000000000000000e+02,4.100000000000000172e-02,2.166666666666663965e-03
5.650000000000000000e+02,4.100000000000000172e-02,1.833333333333332649e-03
5.700000000000000000e+02,4.100000000000000172e-02,1.833333333333332649e-03
5.750000000000000000e+02,4.000000000000000083e-02,8.333333333333317605e-04
5.800000000000000000e+02,4.000000000000000083e-02,8.333333333333317605e-04
5.850000000000000000e+02,4.000000000000000083e-02,8.333333333333317605e-04
5.900000000000000000e+02,4.000000000000000083e-02,3.333333333333313164e-04
5.950000000000000000e+02,4.000000000000000083e-02,5.000000000000004441e-04
6.000000000000000000e+02,4.000000000000000083e-02,1.666666666666621888e-04
6.050000000000000000e+02,4.000000000000000083e-02,1.666666666666621888e-04
6.100000000000000000e+02,4.000000000000000083e-02,1.666666666666621888e-04
6.150000000000000000e+02,4.000000000000000083e-02,5.000000000000004441e-04
6.200000000000000000e+02,4.000000000000000083e-02,6.666666666666626329e-04
6.250000000000000000e+02,4.000000000000000083e-02,6.666666666666626329e-04
6.300000000000000000e+02,4.000000000000000083e-02,8.333333333333317605e-04
6.350000000000000000e+02,4.000000000000000083e-02,8.333333333333317605e-04
6.400000000000000000e+02,3.899999999999999994e-02,1.666666666666621888e-04
6.450000000000000000e+02,3.899999999999999994e-02,1.666666666666621888e-04
6.500000000000000000e+02,3.899999999999999994e-02,3.333333333333313164e-04
6.550000000000000000e+02,3.899999999999999994e-02,3.333333333333313164e-04
6.600000000000000000e+02,4.000000000000000083e-02,1.166666666666663077e-03
6.650000000000000000e+02,4.000000000000000083e-02,1.333333333333332205e-03
6.700000000000000000e+02,3.899999999999999994e-02,5.000000000000004441e-04
6.750000000000000000e+02,3.899999999999999994e-02,5.000000000000004441e-04
6.800000000000000000e+02,3.899999999999999994e-02,6.666666666666626329e-04
6.850000000000000000e+02,4.000000000000000083e-02,1.666666666666663521e-03
6.900000000000000000e+02,4.000000000000000083e-02,1.833333333333332649e-03
6.950000000000000000e+02,4.000000000000000083e-02,1.666666666666663521e-03
7.000000000000000000e+02,4.000000000000000083e-02,1.500000000000001332e-03
7.050000000000000000e+02,4.100000000000000172e-02,1.666666666666663521e-03
7.100000000000000000e+02,4.200000000000000261e-02,1.333333333333339144e-03
7.150000000000000000e+02,4.399999999999999745e-02,2.333333333333333093e-03
7.200000000000000000e+02,4.399999999999999745e-02,2.166666666666663965e-03
7.250000000000000000e+02,4.499999999999999833e-02,2.333333333333333093e-03
7.300000000000000000e+02,4.700000000000000011e-02,2.500000000000009159e-03
7.350000000000000000e+02,4.900000000000000189e-02,2.500000000000009159e-03
7.400000000000000000e+02,5.000000000000000278e-02,3.000000000000009603e-03
7.450000000000000000e+02,5.000000000000000278e-02,2.833333333333340476e-03
7.500000000000000000e+02,5.000000000000000278e-02,2.833333333333340476e-03
7.550000000000000000e+02,5.000000000000000278e-02,2.833333333333340476e-03
7.600000000000000000e+02,5.000000000000000278e-02,2.833333333333340476e-03
7.650000000000000000e+02,5.000000000000000278e-02,3.166666666666671792e-03
7.700000000000000000e+02,5.000000000000000278e-02,3.500000000000010048e-03
7.750000000000000000e+02,5.000000000000000278e-02,3.833333333333341364e-03
7.800000000000000000e+02,4.900000000000000189e-02,3.500000000000010048e-03
7.850000000000000000e+02,4.900000000000000189e-02,3.833333333333341364e-03
7.900000000000000000e+02,4.800000000000000100e-02,3.666666666666672236e-03
7.950000000000000000e+02,4.800000000000000100e-02,4.000000000000010492e-03
8.000000000000000000e+02,4.800000000000000100e-02,4.833333333333335313e-03
8.050000000000000000e+02,4.700000000000000011e-02,3.833333333333334425e-03
8.100000000000000000e+02,4.700000000000000011e-02,3.999999999999996614e-03
8.150000000000000000e+02,4.800000000000000100e-02,4.833333333333335313e-03
8.200000000000000000e+02,4.900000000000000189e-02,5.166666666666673569e-03
8.250000000000000000e+02,4.900000000000000189e-02,4.333333333333341808e-03
8.300000000000000000e+02,5.199999999999999761e-02,5.000000000000004441e-03
8.350000000000000000e+02,5.399999999999999939e-02,4.666666666666666186e-03
8.400000000000000000e+02,5.399999999999999939e-02,4.166666666666665741e-03
8.450000000000000000e+02,5.500000000000000028e-02,4.333333333333334869e-03
8.500000000000000000e+02,5.600000000000000117e-02,4.500000000000003997e-03
8.550000000000000000e+02,5.700000000000000205e-02,5.000000000000004441e-03
8.600000000000000000e+02,5.800000000000000294e-02,4.500000000000003997e-03
8.650000000000000000e+02,5.999999999999999778e-02,4.499999999999997058e-03
8.700000000000000000e+02,6.300000000000000044e-02,4.500000000000003997e-03
8.750000000000000000e+02,6.600000000000000311e-02,4.833333333333335313e-03
8.800000000000000000e+02,6.500000000000000222e-02,4.666666666666673124e-03
8.850000000000000000e+02,6.400000000000000133e-02,4.500000000000003997e-03
8.900000000000000000e+02,6.400000000000000133e-02,4.833333333333335313e-03
8.950000000000000000e+02,6.500000000000000222e-02,5.000000000000004441e-03
9.000000000000000000e+02,6.600000000000000311e-02,4.833333333333335313e-03
9.050000000000000000e+02,6.700000000000000400e-02,4.333333333333341808e-03
9.100000000000000000e+02,7.000000000000000666e-02,4.833333333333342252e-03
9.150000000000000000e+02,7.299999999999999545e-02,4.833333333333328374e-03
9.200000000000000000e+02,7.599999999999999811e-02,4.166666666666665741e-03
9.250000000000000000e+02,8.300000000000000433e-02,4.000000000000003553e-03
9.300000000000000000e+02,9.199999999999999845e-02,3.666666666666679175e-03
9.350000000000000000e+02,1.039999999999999952e-01,3.000000000000002665e-03
9.400000000000000000e+02,1.160000000000000059e-01,2.166666666666663965e-03
9.450000000000000000e+02,1.350000000000000089e-01,1.833333333333325710e-03
9.500000000000000000e+02,1.610000000000000042e-01,1.166666666666649199e-03
9.550000000000000000e+02,1.920000000000000040e-01,-1.666666666666760666e-04
9.600000000000000000e+02,2.169999999999999984e-01,-2.166666666666650087e-03
9.650000000000000000e+02,2.280000000000000082e-01,-2.000000000000001776e-03
9.700000000000000000e+02,2.320000000000000118e-01,-2.999999999999974909e-03
9.750000000000000000e+02,2.349999999999999867e-01,-2.666666666666678287e-03
9.800000000000000000e+02,2.340000000000000135e-01,-2.999999999999947153e-03
9.850000000000000000e+02,2.300000000000000100e-01,-2.833333333333326598e-03
9.900000000000000000e+02,2.220000000000000029e-01,-2.166666666666705598e-03
9.950000000000000000e+02,2.169999999999999984e-01,-2.833333333333326598e-03
