wavelength,absorbance,subtracted_absorbance
3.000000000000000000e+02,7.790000000000000258e-01,1.221666666666665346e-01
3.050000000000000000e+02,6.239999999999999991e-01,1.101666666666667460e-01
3.100000000000000000e+02,5.540000000000000480e-01,1.016666666666667385e-01
3.150000000000000000e+02,5.080000000000000071e-01,9.433333333333338011e-02
3.200000000000000000e+02,4.630000000000000226e-01,8.766666666666672603e-02
3.250000000000000000e+02,4.249999999999999889e-01,8.150000000000007239e-02
3.300000000000000000e+02,3.920000000000000151e-01,7.566666666666665986e-02
3.350000000000000000e+02,3.579999999999999849e-01,6.983333333333335835e-02
3.400000000000000000e+02,3.310000000000000164e-01,6.583333333333329929e-02
3.450000000000000000e+02,3.099999999999999978e-01,6.100000000000002642e-02
3.500000000000000000e+02,2.949999999999999845e-01,5.683333333333334680e-02
3.550000000000000000e+02,2.819999999999999729e-01,5.399999999999999245e-02
3.600000000000000000e+02,2.640000000000000124e-01,5.066666666666666541e-02
3.650000000000000000e+02,2.369999999999999885e-01,4.766666666666666274e-02
3.700000000000000000e+02,1.789999999999999925e-01,4.183333333333330573e-02
3.750000000000000000e+02,1.270000000000000018e-01,3.900000000000002076e-02
3.800000000000000000e+02,1.059999999999999970e-01,3.716666666666665342e-02
3.850000000000000000e+02,9.400000000000000022e-02,3.416666666666667157e-02
3.900000000000000000e+02,8.799999999999999489e-02,3.249999999999999417e-02
3.950000000000000000e+02,8.400000000000000522e-02,3.116666666666666891e-02
4.000000000000000000e+02,8.000000000000000167e-02,2.916666666666666713e-02
4.050000000000000000e+02,7.699999999999999900e-02,2.783333333333333492e-02
4.100000000000000000e+02,7.499999999999999722e-02,2.683333333333333404e-02
4.150000000000000000e+02,7.299999999999999545e-02,2.583333333333333315e-02
4.200000000000000000e+02,7.099999999999999367e-02,2.500000000000000139e-02
4.250000000000000000e+02,6.900000000000000577e-02,2.350000000000001393e-02
4.300000000000000000e+02,6.800000000000000488e-02,2.350000000000001393e-02
4.350000000000000000e+02,6.600000000000000311e-02,2.233333333333334392e-02
4.400000000000000000e+02,6.400000000000000133e-02,2.083333333333333565e-02
4.450000000000000000e+02,6.300000000000000044e-02,2.066666666666666652e-02
4.500000000000000000e+02,6.199999999999999956e-02,1.999999999999999695e-02
4.550000000000000000e+02,6.099999999999999867e-02,1.949999999999999650e-02
4.600000000000000000e+02,5.999999999999999778e-02,1.899999999999999606e-02
4.650000000000000000e+02,5.999999999999999778e-02,1.966666666666665869e-02
4.700000000000000000e+02,5.899999999999999689e-02,1.899999999999999606e-02
4.750000000000000000e+02,5.899999999999999689e-02,1.933333333333332738e-02
4.800000000000000000e+02,5.800000000000000294e-02,1.866666666666666474e-02
4.850000000000000000e+02,5.800000000000000294e-02,1.883333333333333387e-02
4.900000000000000000e+02,5.800000000000000294e-02,1.916666666666666519e-02
4.950000000000000000e+02,5.800000000000000294e-02,1.933333333333333431e-02
5.000000000000000000e+02,5.800000000000000294e-02,1.933333333333333431e-02
5.050000000000000000e+02,5.899999999999999689e-02,2.066666666666665958e-02
5.100000000000000000e+02,5.899999999999999689e-02,2.066666666666665958e-02
5.150000000000000000e+02,5.899999999999999689e-02,2.049999999999999739e-02
5.200000000000000000e+02,5.899999999999999689e-02,2.049999999999999739e-02
5.250000000000000000e+02,5.899999999999999689e-02,2.066666666666665958e-02
5.300000000000000000e+02,5.899999999999999689e-02,2.049999999999999739e-02
5.350000000000000000e+02,5.899999999999999689e-02,2.033333333333332826e-02
5.400000000000000000e+02,5.899999999999999689e-02,2.016666666666665914e-02
5.450000000000000000e+02,5.899999999999999689e-02,2.016666666666665914e-02
5.500000000000000000e+02,5.999999999999999778e-02,2.116666666666666002e-02
5.550000000000000000e+02,5.999999999999999778e-02,2.099999999999999784e-02
5.600000000000000000e+02,5.899999999999999689e-02,2.016666666666665914e-02
5.650000000000000000e+02,5.899999999999999689e-02,1.983333333333332782e-02
5.700000000000000000e+02,5.899999999999999689e-02,1.983333333333332782e-02
5.750000000000000000e+02,5.899999999999999689e-02,1.983333333333332782e-02
5.800000000000000000e+02,5.899999999999999689e-02,1.983333333333332782e-02
5.850000000000000000e+02,5.899999999999999689e-02,1.983333333333332782e-02
5.900000000000000000e+02,5.899999999999999689e-02,1.933333333333332738e-02
5.950000000000000000e+02,5.899999999999999689e-02,1.949999999999999650e-02
6.000000000000000000e+02,5.899999999999999689e-02,1.916666666666665825e-02
6.050000000000000000e+02,5.899999999999999689e-02,1.916666666666665825e-02
6.100000000000000000e+02,5.800000000000000294e-02,1.816666666666666430e-02
6.150000000000000000e+02,5.800000000000000294e-02,1.850000000000000255e-02
6.200000000000000000e+02,5.700000000000000205e-02,1.766666666666666385e-02
6.250000000000000000e+02,5.700000000000000205e-02,1.766666666666666385e-02
6.300000000000000000e+02,5.700000000000000205e-02,1.783333333333333298e-02
6.350000000000000000e+02,5.600000000000000117e-02,1.683333333333333209e-02
6.400000000000000000e+02,5.600000000000000117e-02,1.716666666666666341e-02
6.450000000000000000e+02,5.600000000000000117e-02,1.716666666666666341e-02
6.500000000000000000e+02,5.600000000000000117e-02,1.733333333333333254e-02
6.550000000000000000e+02,5.500000000000000028e-02,1.633333333333333165e-02
6.600000000000000000e+02,5.500000000000000028e-02,1.616666666666666252e-02
6.650000000000000000e+02,5.500000000000000028e-02,1.633333333333333165e-02
6.700000000000000000e+02,5.399999999999999939e-02,1.549999999999999989e-02
6.750000000000000000e+02,5.399999999999999939e-02,1.549999999999999989e-02
6.800000000000000000e+02,5.399999999999999939e-02,1.566666666666666208e-02
6.850000000000000000e+02,5.399999999999999939e-02,1.566666666666666208e-02
6.900000000000000000e+02,5.399999999999999939e-02,1.583333333333333121e-02
6.950000000000000000e+02,5.399999999999999939e-02,1.566666666666666208e-02
7.000000000000000000e+02,5.399999999999999939e-02,1.549999999999999989e-02
7.050000000000000000e+02,5.399999999999999939e-02,1.466666666666666119e-02
7.100000000000000000e+02,5.500000000000000028e-02,1.433333333333333681e-02
7.150000000000000000e+02,5.600000000000000117e-02,1.433333333333333681e-02
7.200000000000000000e+02,5.600000000000000117e-02,1.416666666666666768e-02
7.250000000000000000e+02,5.700000000000000205e-02,1.433333333333333681e-02
7.300000000000000000e+02,5.899999999999999689e-02,1.450000000000000594e-02
7.350000000000000000e+02,5.999999999999999778e-02,1.350000000000000505e-02
7.400000000000000000e+02,6.099999999999999867e-02,1.400000000000000550e-02
7.450000000000000000e+02,6.099999999999999867e-02,1.383333333333333637e-02
7.500000000000000000e+02,6.099999999999999867e-02,1.383333333333333637e-02
7.550000000000000000e+02,6.099999999999999867e-02,1.383333333333333637e-02
7.600000000000000000e+02,6.099999999999999867e-02,1.383333333333333637e-02
7.650000000000000000e+02,6.099999999999999867e-02,1.416666666666666768e-02
7.700000000000000000e+02,6.099999999999999867e-02,1.450000000000000594e-02
7.750000000000000000e+02,5.999999999999999778e-02,1.383333333333333637e-02
7.800000000000000000e+02,5.999999999999999778e-02,1.450000000000000594e-02
7.850000000000000000e+02,5.899999999999999689e-02,1.383333333333333637e-02
7.900000000000000000e+02,5.899999999999999689e-02,1.466666666666666813e-02
7.950000000000000000e+02,5.800000000000000294e-02,1.400000000000001243e-02
8.000000000000000000e+02,5.800000000000000294e-02,1.483333333333333726e-02
8.050000000000000000e+02,5.800000000000000294e-02,1.483333333333333726e-02
8.100000000000000000e+02,5.700000000000000205e-02,1.399999999999999856e-02
8.150000000000000000e+02,5.800000000000000294e-02,1.483333333333333726e-02
8.200000000000000000e+02,5.800000000000000294e-02,1.416666666666667462e-02
8.250000000000000000e+02,5.899999999999999689e-02,1.433333333333333681e-02
8.300000000000000000e+02,6.099999999999999867e-02,1.400000000000000550e-02
8.350000000000000000e+02,6.400000000000000133e-02,1.466666666666666813e-02
8.400000000000000000e+02,6.400000000000000133e-02,1.416666666666666768e-02
8.450000000000000000e+02,6.500000000000000222e-02,1.433333333333333681e-02
8.500000000000000000e+02,6.600000000000000311e-02,1.450000000000000594e-02
8.550000000000000000e+02,6.700000000000000400e-02,1.500000000000000638e-02
8.600000000000000000e+02,6.800000000000000488e-02,1.450000000000000594e-02
8.650000000000000000e+02,7.000000000000000666e-02,1.450000000000000594e-02
8.700000000000000000e+02,7.299999999999999545e-02,1.449999999999999900e-02
8.750000000000000000e+02,7.699999999999999900e-02,1.583333333333333121e-02
8.800000000000000000e+02,7.599999999999999811e-02,1.566666666666666902e-02
8.850000000000000000e+02,7.499999999999999722e-02,1.549999999999999989e-02
8.900000000000000000e+02,7.399999999999999634e-02,1.483333333333333032e-02
8.950000000000000000e+02,7.499999999999999722e-02,1.499999999999999944e-02
9.000000000000000000e+02,7.599999999999999811e-02,1.483333333333333032e-02
9.050000000000000000e+02,7.799999999999999989e-02,1.533333333333333770e-02
9.100000000000000000e+02,8.000000000000000167e-02,1.483333333333333726e-02
9.150000000000000000e+02,8.300000000000000433e-02,1.483333333333333726e-02
9.200000000000000000e+02,8.699999999999999400e-02,1.516666666666666163e-02
9.250000000000000000e+02,9.400000000000000022e-02,1.499999999999999944e-02
9.300000000000000000e+02,1.029999999999999943e-01,1.466666666666667507e-02
9.350000000000000000e+02,1.150000000000000050e-01,1.400000000000001243e-02
9.400000000000000000e+02,1.280000000000000027e-01,1.416666666666666075e-02
9.450000000000000000e+02,1.469999999999999918e-01,1.383333333333330861e-02
9.500000000000000000e+02,1.729999999999999871e-01,1.316666666666663210e-02
9.550000000000000000e+02,2.049999999999999878e-01,1.283333333333330772e-02
9.600000000000000000e+02,2.310000000000000109e-01,1.183333333333336235e-02
9.650000000000000000e+02,2.409999999999999920e-01,1.099999999999998201e-02
9.700000000000000000e+02,2.459999999999999964e-01,1.100000000000000977e-02
9.750000000000000000e+02,2.489999999999999991e-01,1.133333333333333415e-02
9.800000000000000000e+02,2.489999999999999991e-01,1.200000000000003841e-02
9.850000000000000000e+02,2.449999999999999956e-01,1.216666666666665897e-02
9.900000000000000000e+02,2.369999999999999885e-01,1.283333333333327997e-02
9.950000000000000000e+02,2.330000000000000127e-01,1.316666666666668761e-02
