wavelength,absorbance,subtracted_absorbance
3.000000000000000000e+02,1.141000000000000014e+00,4.841666666666665231e-01
3.050000000000000000e+02,9.749999999999999778e-01,4.611666666666667247e-01
3.100000000000000000e+02,8.950000000000000178e-01,4.426666666666667083e-01
3.150000000000000000e+02,8.349999999999999645e-01,4.213333333333333375e-01
3.200000000000000000e+02,7.730000000000000204e-01,3.976666666666667238e-01
3.250000000000000000e+02,7.189999999999999725e-01,3.755000000000000560e-01
3.300000000000000000e+02,6.700000000000000400e-01,3.536666666666666847e-01
3.350000000000000000e+02,6.179999999999999938e-01,3.298333333333333672e-01
3.400000000000000000e+02,5.739999999999999547e-01,3.088333333333332376e-01
3.450000000000000000e+02,5.370000000000000329e-01,2.880000000000000338e-01
3.500000000000000000e+02,5.070000000000000062e-01,2.688333333333333686e-01
3.550000000000000000e+02,4.799999999999999822e-01,2.520000000000000018e-01
3.600000000000000000e+02,4.490000000000000102e-01,2.356666666666666632e-01
3.650000000000000000e+02,4.079999999999999738e-01,2.186666666666666481e-01
3.700000000000000000e+02,3.350000000000000200e-01,1.978333333333333333e-01
3.750000000000000000e+02,2.590000000000000080e-01,1.710000000000000409e-01
3.800000000000000000e+02,2.260000000000000064e-01,1.571666666666666767e-01
3.850000000000000000e+02,2.039999999999999869e-01,1.441666666666666652e-01
3.900000000000000000e+02,1.900000000000000022e-01,1.345000000000000084e-01
3.950000000000000000e+02,1.779999999999999916e-01,1.251666666666666483e-01
4.000000000000000000e+02,1.670000000000000095e-01,1.161666666666666681e-01
4.050000000000000000e+02,1.570000000000000007e-01,1.078333333333333366e-01
4.100000000000000000e+02,1.479999999999999927e-01,9.983333333333332948e-02
4.150000000000000000e+02,1.400000000000000133e-01,9.283333333333335102e-02
4.200000000000000000e+02,1.330000000000000071e-01,8.700000000000002176e-02
4.250000000000000000e+02,1.270000000000000018e-01,8.150000000000001688e-02
4.300000000000000000e+02,1.209999999999999964e-01,7.650000000000001243e-02
4.350000000000000000e+02,1.160000000000000059e-01,7.233333333333334669e-02
4.400000000000000000e+02,1.110000000000000014e-01,6.783333333333332882e-02
4.450000000000000000e+02,1.059999999999999970e-01,6.366666666666666308e-02
4.500000000000000000e+02,1.029999999999999943e-01,6.099999999999999173e-02
4.550000000000000000e+02,9.900000000000000466e-02,5.750000000000000250e-02
4.600000000000000000e+02,9.500000000000000111e-02,5.399999999999999939e-02
4.650000000000000000e+02,9.199999999999999845e-02,5.166666666666665936e-02
4.700000000000000000e+02,8.899999999999999578e-02,4.899999999999999495e-02
4.750000000000000000e+02,8.599999999999999312e-02,4.633333333333332360e-02
4.800000000000000000e+02,8.400000000000000522e-02,4.466666666666666702e-02
4.850000000000000000e+02,8.100000000000000255e-02,4.183333333333333348e-02
4.900000000000000000e+02,7.900000000000000078e-02,4.016666666666666302e-02
4.950000000000000000e+02,7.699999999999999900e-02,3.833333333333333037e-02
5.000000000000000000e+02,7.499999999999999722e-02,3.633333333333332860e-02
5.050000000000000000e+02,7.299999999999999545e-02,3.466666666666665814e-02
5.100000000000000000e+02,7.099999999999999367e-02,3.266666666666665636e-02
5.150000000000000000e+02,6.900000000000000577e-02,3.050000000000000627e-02
5.200000000000000000e+02,6.800000000000000488e-02,2.950000000000000538e-02
5.250000000000000000e+02,6.600000000000000311e-02,2.766666666666666580e-02
5.300000000000000000e+02,6.500000000000000222e-02,2.650000000000000272e-02
5.350000000000000000e+02,6.400000000000000133e-02,2.533333333333333270e-02
5.400000000000000000e+02,6.199999999999999956e-02,2.316666666666666180e-02
5.450000000000000000e+02,6.099999999999999867e-02,2.216666666666666091e-02
5.500000000000000000e+02,5.999999999999999778e-02,2.116666666666666002e-02
5.550000000000000000e+02,5.899999999999999689e-02,1.999999999999999695e-02
5.600000000000000000e+02,5.800000000000000294e-02,1.916666666666666519e-02
5.650000000000000000e+02,5.700000000000000205e-02,1.783333333333333298e-02
5.700000000000000000e+02,5.600000000000000117e-02,1.683333333333333209e-02
5.750000000000000000e+02,5.500000000000000028e-02,1.583333333333333121e-02
5.800000000000000000e+02,5.399999999999999939e-02,1.483333333333333032e-02
5.850000000000000000e+02,5.299999999999999850e-02,1.383333333333332943e-02
5.900000000000000000e+02,5.199999999999999761e-02,1.233333333333332810e-02
5.950000000000000000e+02,5.199999999999999761e-02,1.249999999999999722e-02
6.000000000000000000e+02,5.099999999999999672e-02,1.116666666666665808e-02
6.050000000000000000e+02,5.099999999999999672e-02,1.116666666666665808e-02
6.100000000000000000e+02,5.000000000000000278e-02,1.016666666666666413e-02
6.150000000000000000e+02,4.900000000000000189e-02,9.500000000000001499e-03
6.200000000000000000e+02,4.900000000000000189e-02,9.666666666666663688e-03
6.250000000000000000e+02,4.800000000000000100e-02,8.666666666666662799e-03
6.300000000000000000e+02,4.700000000000000011e-02,7.833333333333331039e-03
6.350000000000000000e+02,4.700000000000000011e-02,7.833333333333331039e-03
6.400000000000000000e+02,4.599999999999999922e-02,7.166666666666661467e-03
6.450000000000000000e+02,4.599999999999999922e-02,7.166666666666661467e-03
6.500000000000000000e+02,4.599999999999999922e-02,7.333333333333330595e-03
6.550000000000000000e+02,4.499999999999999833e-02,6.333333333333329707e-03
6.600000000000000000e+02,4.499999999999999833e-02,6.166666666666660579e-03
6.650000000000000000e+02,4.499999999999999833e-02,6.333333333333329707e-03
6.700000000000000000e+02,4.499999999999999833e-02,6.499999999999998834e-03
6.750000000000000000e+02,4.399999999999999745e-02,5.499999999999997946e-03
6.800000000000000000e+02,4.399999999999999745e-02,5.666666666666660135e-03
6.850000000000000000e+02,4.399999999999999745e-02,5.666666666666660135e-03
6.900000000000000000e+02,4.399999999999999745e-02,5.833333333333329263e-03
6.950000000000000000e+02,4.399999999999999745e-02,5.666666666666660135e-03
7.000000000000000000e+02,4.399999999999999745e-02,5.499999999999997946e-03
7.050000000000000000e+02,4.399999999999999745e-02,4.666666666666659247e-03
7.100000000000000000e+02,4.499999999999999833e-02,4.333333333333334869e-03
7.150000000000000000e+02,4.599999999999999922e-02,4.333333333333334869e-03
7.200000000000000000e+02,4.599999999999999922e-02,4.166666666666665741e-03
7.250000000000000000e+02,4.700000000000000011e-02,4.333333333333334869e-03
7.300000000000000000e+02,4.900000000000000189e-02,4.500000000000010936e-03
7.350000000000000000e+02,5.099999999999999672e-02,4.500000000000003997e-03
7.400000000000000000e+02,5.099999999999999672e-02,4.000000000000003553e-03
7.450000000000000000e+02,5.199999999999999761e-02,4.833333333333335313e-03
7.500000000000000000e+02,5.199999999999999761e-02,4.833333333333335313e-03
7.550000000000000000e+02,5.199999999999999761e-02,4.833333333333335313e-03
7.600000000000000000e+02,5.199999999999999761e-02,4.833333333333335313e-03
7.650000000000000000e+02,5.199999999999999761e-02,5.166666666666666630e-03
7.700000000000000000e+02,5.099999999999999672e-02,4.500000000000003997e-03
7.750000000000000000e+02,5.099999999999999672e-02,4.833333333333335313e-03
7.800000000000000000e+02,5.099999999999999672e-02,5.500000000000004885e-03
7.850000000000000000e+02,5.000000000000000278e-02,4.833333333333342252e-03
7.900000000000000000e+02,5.000000000000000278e-02,5.666666666666674013e-03
7.950000000000000000e+02,4.900000000000000189e-02,5.000000000000011380e-03
8.000000000000000000e+02,4.900000000000000189e-02,5.833333333333336201e-03
8.050000000000000000e+02,4.900000000000000189e-02,5.833333333333336201e-03
8.100000000000000000e+02,4.900000000000000189e-02,5.999999999999998390e-03
8.150000000000000000e+02,4.900000000000000189e-02,5.833333333333336201e-03
8.200000000000000000e+02,5.000000000000000278e-02,6.166666666666674457e-03
8.250000000000000000e+02,5.000000000000000278e-02,5.333333333333342696e-03
8.300000000000000000e+02,5.299999999999999850e-02,6.000000000000005329e-03
8.350000000000000000e+02,5.500000000000000028e-02,5.666666666666667074e-03
8.400000000000000000e+02,5.600000000000000117e-02,6.166666666666667518e-03
8.450000000000000000e+02,5.600000000000000117e-02,5.333333333333335757e-03
8.500000000000000000e+02,5.700000000000000205e-02,5.500000000000004885e-03
8.550000000000000000e+02,5.800000000000000294e-02,6.000000000000005329e-03
8.600000000000000000e+02,5.899999999999999689e-02,5.499999999999997946e-03
8.650000000000000000e+02,6.099999999999999867e-02,5.499999999999997946e-03
8.700000000000000000e+02,6.400000000000000133e-02,5.500000000000004885e-03
8.750000000000000000e+02,6.700000000000000400e-02,5.833333333333336201e-03
8.800000000000000000e+02,6.600000000000000311e-02,5.666666666666674013e-03
8.850000000000000000e+02,6.500000000000000222e-02,5.500000000000004885e-03
8.900000000000000000e+02,6.500000000000000222e-02,5.833333333333336201e-03
8.950000000000000000e+02,6.600000000000000311e-02,6.000000000000005329e-03
9.000000000000000000e+02,6.700000000000000400e-02,5.833333333333336201e-03
9.050000000000000000e+02,6.800000000000000488e-02,5.333333333333342696e-03
9.100000000000000000e+02,7.000000000000000666e-02,4.833333333333342252e-03
9.150000000000000000e+02,7.399999999999999634e-02,5.833333333333329263e-03
9.200000000000000000e+02,7.699999999999999900e-02,5.166666666666666630e-03
9.250000000000000000e+02,8.400000000000000522e-02,5.000000000000004441e-03
9.300000000000000000e+02,9.299999999999999933e-02,4.666666666666680063e-03
9.350000000000000000e+02,1.039999999999999952e-01,3.000000000000002665e-03
9.400000000000000000e+02,1.170000000000000068e-01,3.166666666666664853e-03
9.450000000000000000e+02,1.350000000000000089e-01,1.833333333333325710e-03
9.500000000000000000e+02,1.600000000000000033e-01,1.666666666666483110e-04
9.550000000000000000e+02,1.900000000000000022e-01,-2.166666666666677843e-03
9.600000000000000000e+02,2.149999999999999967e-01,-4.166666666666651864e-03
9.650000000000000000e+02,2.250000000000000056e-01,-5.000000000000004441e-03
9.700000000000000000e+02,2.300000000000000100e-01,-4.999999999999976685e-03
9.750000000000000000e+02,2.330000000000000127e-01,-4.666666666666652308e-03
9.800000000000000000e+02,2.320000000000000118e-01,-4.999999999999948930e-03
9.850000000000000000e+02,2.280000000000000082e-01,-4.833333333333328374e-03
9.900000000000000000e+02,2.210000000000000020e-01,-3.166666666666706487e-03
9.950000000000000000e+02,2.159999999999999976e-01,-3.833333333333327486e-03
