wavelength,absorbance,subtracted_absorbance
3.000000000000000000e+02,8.519999999999999796e-01,1.951666666666664884e-01
3.050000000000000000e+02,6.989999999999999547e-01,1.851666666666667016e-01
3.100000000000000000e+02,6.260000000000000009e-01,1.736666666666666914e-01
3.150000000000000000e+02,5.759999999999999565e-01,1.623333333333333295e-01
3.200000000000000000e+02,5.250000000000000222e-01,1.496666666666667256e-01
3.250000000000000000e+02,4.819999999999999840e-01,1.385000000000000675e-01
3.300000000000000000e+02,4.430000000000000049e-01,1.266666666666666496e-01
3.350000000000000000e+02,4.050000000000000266e-01,1.168333333333334001e-01
3.400000000000000000e+02,3.719999999999999973e-01,1.068333333333332802e-01
3.450000000000000000e+02,3.469999999999999751e-01,9.800000000000000377e-02
3.500000000000000000e+02,3.290000000000000147e-01,9.083333333333337700e-02
3.550000000000000000e+02,3.130000000000000004e-01,8.500000000000001998e-02
3.600000000000000000e+02,2.929999999999999827e-01,7.966666666666663565e-02
3.650000000000000000e+02,2.630000000000000115e-01,7.366666666666668584e-02
3.700000000000000000e+02,2.000000000000000111e-01,6.283333333333332438e-02
3.750000000000000000e+02,1.400000000000000133e-01,5.200000000000003231e-02
3.800000000000000000e+02,1.160000000000000059e-01,4.716666666666666230e-02
3.850000000000000000e+02,1.019999999999999934e-01,4.216666666666666480e-02
3.900000000000000000e+02,9.400000000000000022e-02,3.849999999999999950e-02
3.950000000000000000e+02,8.899999999999999578e-02,3.616666666666665947e-02
4.000000000000000000e+02,8.400000000000000522e-02,3.316666666666667068e-02
4.050000000000000000e+02,8.000000000000000167e-02,3.083333333333333759e-02
4.100000000000000000e+02,7.599999999999999811e-02,2.783333333333333492e-02
4.150000000000000000e+02,7.199999999999999456e-02,2.483333333333333226e-02
4.200000000000000000e+02,6.900000000000000577e-02,2.300000000000001349e-02
4.250000000000000000e+02,6.700000000000000400e-02,2.150000000000001216e-02
4.300000000000000000e+02,6.400000000000000133e-02,1.950000000000001038e-02
4.350000000000000000e+02,6.199999999999999956e-02,1.833333333333334036e-02
4.400000000000000000e+02,5.899999999999999689e-02,1.583333333333333121e-02
4.450000000000000000e+02,5.700000000000000205e-02,1.466666666666666813e-02
4.500000000000000000e+02,5.600000000000000117e-02,1.399999999999999856e-02
4.550000000000000000e+02,5.399999999999999939e-02,1.249999999999999722e-02
4.600000000000000000e+02,5.299999999999999850e-02,1.199999999999999678e-02
4.650000000000000000e+02,5.099999999999999672e-02,1.066666666666665764e-02
4.700000000000000000e+02,5.000000000000000278e-02,1.000000000000000194e-02
4.750000000000000000e+02,4.900000000000000189e-02,9.333333333333332371e-03
4.800000000000000000e+02,4.800000000000000100e-02,8.666666666666662799e-03
4.850000000000000000e+02,4.700000000000000011e-02,7.833333333333331039e-03
4.900000000000000000e+02,4.599999999999999922e-02,7.166666666666661467e-03
4.950000000000000000e+02,4.599999999999999922e-02,7.333333333333330595e-03
5.000000000000000000e+02,4.499999999999999833e-02,6.333333333333329707e-03
5.050000000000000000e+02,4.499999999999999833e-02,6.666666666666661023e-03
5.100000000000000000e+02,4.399999999999999745e-02,5.666666666666660135e-03
5.150000000000000000e+02,4.399999999999999745e-02,5.499999999999997946e-03
5.200000000000000000e+02,4.299999999999999656e-02,4.499999999999997058e-03
5.250000000000000000e+02,4.299999999999999656e-02,4.666666666666659247e-03
5.300000000000000000e+02,4.299999999999999656e-02,4.499999999999997058e-03
5.350000000000000000e+02,4.299999999999999656e-02,4.333333333333327930e-03
5.400000000000000000e+02,4.200000000000000261e-02,3.166666666666664853e-03
5.450000000000000000e+02,4.200000000000000261e-02,3.166666666666664853e-03
5.500000000000000000e+02,4.200000000000000261e-02,3.166666666666664853e-03
5.550000000000000000e+02,4.200000000000000261e-02,3.000000000000002665e-03
5.600000000000000000e+02,4.200000000000000261e-02,3.166666666666664853e-03
5.650000000000000000e+02,4.100000000000000172e-02,1.833333333333332649e-03
5.700000000000000000e+02,4.100000000000000172e-02,1.833333333333332649e-03
5.750000000000000000e+02,4.100000000000000172e-02,1.833333333333332649e-03
5.800000000000000000e+02,4.100000000000000172e-02,1.833333333333332649e-03
5.850000000000000000e+02,4.100000000000000172e-02,1.833333333333332649e-03
5.900000000000000000e+02,4.100000000000000172e-02,1.333333333333332205e-03
5.950000000000000000e+02,4.100000000000000172e-02,1.500000000000001332e-03
6.000000000000000000e+02,4.100000000000000172e-02,1.166666666666663077e-03
6.050000000000000000e+02,4.100000000000000172e-02,1.166666666666663077e-03
6.100000000000000000e+02,4.100000000000000172e-02,1.166666666666663077e-03
6.150000000000000000e+02,4.000000000000000083e-02,5.000000000000004441e-04
6.200000000000000000e+02,4.000000000000000083e-02,6.666666666666626329e-04
6.250000000000000000e+02,4.000000000000000083e-02,6.666666666666626329e-04
6.300000000000000000e+02,4.000000000000000083e-02,8.333333333333317605e-04
6.350000000000000000e+02,3.899999999999999994e-02,-1.666666666666691277e-04
6.400000000000000000e+02,3.899999999999999994e-02,1.666666666666621888e-04
6.450000000000000000e+02,3.899999999999999994e-02,1.666666666666621888e-04
6.500000000000000000e+02,3.899999999999999994e-02,3.333333333333313164e-04
6.550000000000000000e+02,3.899999999999999994e-02,3.333333333333313164e-04
6.600000000000000000e+02,3.899999999999999994e-02,1.666666666666621888e-04
6.650000000000000000e+02,3.899999999999999994e-02,3.333333333333313164e-04
6.700000000000000000e+02,3.899999999999999994e-02,5.000000000000004441e-04
6.750000000000000000e+02,3.899999999999999994e-02,5.000000000000004441e-04
6.800000000000000000e+02,3.899999999999999994e-02,6.666666666666626329e-04
6.850000000000000000e+02,3.899999999999999994e-02,6.666666666666626329e-04
6.900000000000000000e+02,3.899999999999999994e-02,8.333333333333317605e-04
6.950000000000000000e+02,3.899999999999999994e-02,6.666666666666626329e-04
7.000000000000000000e+02,3.899999999999999994e-02,5.000000000000004441e-04
7.050000000000000000e+02,3.899999999999999994e-02,-3.333333333333382553e-04
7.100000000000000000e+02,4.000000000000000083e-02,-6.666666666666626329e-04
7.150000000000000000e+02,4.200000000000000261e-02,3.333333333333382553e-04
7.200000000000000000e+02,4.200000000000000261e-02,1.666666666666691277e-04
7.250000000000000000e+02,4.299999999999999656e-02,3.333333333333313164e-04
7.300000000000000000e+02,4.499999999999999833e-02,5.000000000000073830e-04
7.350000000000000000e+02,4.599999999999999922e-02,-4.999999999999935052e-04
7.400000000000000000e+02,4.700000000000000011e-02,6.938893903907228378e-18
7.450000000000000000e+02,4.700000000000000011e-02,-1.666666666666621888e-04
7.500000000000000000e+02,4.800000000000000100e-02,8.333333333333386994e-04
7.550000000000000000e+02,4.800000000000000100e-02,8.333333333333386994e-04
7.600000000000000000e+02,4.800000000000000100e-02,8.333333333333386994e-04
7.650000000000000000e+02,4.700000000000000011e-02,1.666666666666691277e-04
7.700000000000000000e+02,4.700000000000000011e-02,5.000000000000073830e-04
7.750000000000000000e+02,4.700000000000000011e-02,8.333333333333386994e-04
7.800000000000000000e+02,4.599999999999999922e-02,5.000000000000073830e-04
7.850000000000000000e+02,4.599999999999999922e-02,8.333333333333386994e-04
7.900000000000000000e+02,4.499999999999999833e-02,6.666666666666695718e-04
7.950000000000000000e+02,4.499999999999999833e-02,1.000000000000007827e-03
8.000000000000000000e+02,4.399999999999999745e-02,8.333333333333317605e-04
8.050000000000000000e+02,4.399999999999999745e-02,8.333333333333317605e-04
8.100000000000000000e+02,4.399999999999999745e-02,9.999999999999939493e-04
8.150000000000000000e+02,4.399999999999999745e-02,8.333333333333317605e-04
8.200000000000000000e+02,4.499999999999999833e-02,1.166666666666670016e-03
8.250000000000000000e+02,4.599999999999999922e-02,1.333333333333339144e-03
8.300000000000000000e+02,4.800000000000000100e-02,1.000000000000007827e-03
8.350000000000000000e+02,5.000000000000000278e-02,6.666666666666695718e-04
8.400000000000000000e+02,5.099999999999999672e-02,1.166666666666663077e-03
8.450000000000000000e+02,5.099999999999999672e-02,3.333333333333313164e-04
8.500000000000000000e+02,5.199999999999999761e-02,5.000000000000004441e-04
8.550000000000000000e+02,5.299999999999999850e-02,1.000000000000000888e-03
8.600000000000000000e+02,5.399999999999999939e-02,5.000000000000004441e-04
8.650000000000000000e+02,5.600000000000000117e-02,5.000000000000004441e-04
8.700000000000000000e+02,5.899999999999999689e-02,5.000000000000004441e-04
8.750000000000000000e+02,6.199999999999999956e-02,8.333333333333317605e-04
8.800000000000000000e+02,5.999999999999999778e-02,-3.333333333333313164e-04
8.850000000000000000e+02,5.999999999999999778e-02,5.000000000000004441e-04
8.900000000000000000e+02,5.899999999999999689e-02,-1.666666666666691277e-04
8.950000000000000000e+02,5.999999999999999778e-02,0.000000000000000000e+00
9.000000000000000000e+02,6.099999999999999867e-02,-1.666666666666691277e-04
9.050000000000000000e+02,6.300000000000000044e-02,3.333333333333382553e-04
9.100000000000000000e+02,6.400000000000000133e-02,-1.166666666666663077e-03
9.150000000000000000e+02,6.800000000000000488e-02,-1.666666666666621888e-04
9.200000000000000000e+02,7.199999999999999456e-02,1.666666666666621888e-04
9.250000000000000000e+02,7.799999999999999989e-02,-1.000000000000000888e-03
9.300000000000000000e+02,8.699999999999999400e-02,-1.333333333333325266e-03
9.350000000000000000e+02,9.800000000000000377e-02,-2.999999999999988787e-03
9.400000000000000000e+02,1.100000000000000006e-01,-3.833333333333341364e-03
9.450000000000000000e+02,1.290000000000000036e-01,-4.166666666666679619e-03
9.500000000000000000e+02,1.539999999999999980e-01,-5.833333333333357018e-03
9.550000000000000000e+02,1.849999999999999978e-01,-7.166666666666682284e-03
9.600000000000000000e+02,2.099999999999999922e-01,-9.166666666666656305e-03
9.650000000000000000e+02,2.200000000000000011e-01,-1.000000000000000888e-02
9.700000000000000000e+02,2.250000000000000056e-01,-9.999999999999981126e-03
9.750000000000000000e+02,2.270000000000000073e-01,-1.066666666666665764e-02
9.800000000000000000e+02,2.270000000000000073e-01,-9.999999999999953371e-03
9.850000000000000000e+02,2.220000000000000029e-01,-1.083333333333333370e-02
9.900000000000000000e+02,2.129999999999999949e-01,-1.116666666666671359e-02
9.950000000000000000e+02,2.099999999999999922e-01,-9.833333333333332815e-03
