wavelength,absorbance,subtracted_absorbance
3.000000000000000000e+02,6.260000000000000009e-01,-3.083333333333349024e-02
3.050000000000000000e+02,4.909999999999999920e-01,-2.283333333333326109e-02
3.100000000000000000e+02,4.309999999999999942e-01,-2.133333333333331527e-02
3.150000000000000000e+02,3.950000000000000178e-01,-1.866666666666660923e-02
3.200000000000000000e+02,3.569999999999999840e-01,-1.833333333333331261e-02
3.250000000000000000e+02,3.270000000000000129e-01,-1.649999999999990363e-02
3.300000000000000000e+02,3.009999999999999898e-01,-1.533333333333336546e-02
3.350000000000000000e+02,2.730000000000000204e-01,-1.516666666666660612e-02
3.400000000000000000e+02,2.510000000000000009e-01,-1.416666666666671626e-02
3.450000000000000000e+02,2.349999999999999867e-01,-1.399999999999998468e-02
3.500000000000000000e+02,2.240000000000000047e-01,-1.416666666666663299e-02
3.550000000000000000e+02,2.139999999999999958e-01,-1.399999999999998468e-02
3.600000000000000000e+02,1.990000000000000102e-01,-1.433333333333333681e-02
3.650000000000000000e+02,1.769999999999999907e-01,-1.233333333333333504e-02
3.700000000000000000e+02,1.290000000000000036e-01,-8.166666666666683172e-03
3.750000000000000000e+02,8.599999999999999312e-02,-1.999999999999987899e-03
3.800000000000000000e+02,6.800000000000000488e-02,-8.333333333333386994e-04
3.850000000000000000e+02,5.999999999999999778e-02,1.666666666666691277e-04
3.900000000000000000e+02,5.600000000000000117e-02,5.000000000000004441e-04
3.950000000000000000e+02,5.299999999999999850e-02,1.666666666666621888e-04
4.000000000000000000e+02,5.099999999999999672e-02,1.666666666666621888e-04
4.050000000000000000e+02,5.000000000000000278e-02,8.333333333333386994e-04
4.100000000000000000e+02,4.800000000000000100e-02,-1.666666666666621888e-04
4.150000000000000000e+02,4.700000000000000011e-02,-1.666666666666621888e-04
4.200000000000000000e+02,4.599999999999999922e-02,6.938893903907228378e-18
4.250000000000000000e+02,4.499999999999999833e-02,-4.999999999999935052e-04
4.300000000000000000e+02,4.399999999999999745e-02,-4.999999999999935052e-04
4.350000000000000000e+02,4.399999999999999745e-02,3.333333333333382553e-04
4.400000000000000000e+02,4.299999999999999656e-02,-1.666666666666691277e-04
4.450000000000000000e+02,4.299999999999999656e-02,6.666666666666626329e-04
4.500000000000000000e+02,4.299999999999999656e-02,9.999999999999939493e-04
4.550000000000000000e+02,4.200000000000000261e-02,5.000000000000004441e-04
4.600000000000000000e+02,4.200000000000000261e-02,1.000000000000000888e-03
4.650000000000000000e+02,4.100000000000000172e-02,6.666666666666626329e-04
4.700000000000000000e+02,4.100000000000000172e-02,1.000000000000000888e-03
4.750000000000000000e+02,4.100000000000000172e-02,1.333333333333332205e-03
4.800000000000000000e+02,4.100000000000000172e-02,1.666666666666663521e-03
4.850000000000000000e+02,4.000000000000000083e-02,8.333333333333317605e-04
4.900000000000000000e+02,4.000000000000000083e-02,1.166666666666663077e-03
4.950000000000000000e+02,4.000000000000000083e-02,1.333333333333332205e-03
5.000000000000000000e+02,4.000000000000000083e-02,1.333333333333332205e-03
5.050000000000000000e+02,3.899999999999999994e-02,6.666666666666626329e-04
5.100000000000000000e+02,3.899999999999999994e-02,6.666666666666626329e-04
5.150000000000000000e+02,3.899999999999999994e-02,5.000000000000004441e-04
5.200000000000000000e+02,3.899999999999999994e-02,5.000000000000004441e-04
5.250000000000000000e+02,3.899999999999999994e-02,6.666666666666626329e-04
5.300000000000000000e+02,3.899999999999999994e-02,5.000000000000004441e-04
5.350000000000000000e+02,3.799999999999999906e-02,-6.666666666666695718e-04
5.400000000000000000e+02,3.799999999999999906e-02,-8.333333333333386994e-04
5.450000000000000000e+02,3.799999999999999906e-02,-8.333333333333386994e-04
5.500000000000000000e+02,3.799999999999999906e-02,-8.333333333333386994e-04
5.550000000000000000e+02,3.799999999999999906e-02,-1.000000000000000888e-03
5.600000000000000000e+02,3.799999999999999906e-02,-8.333333333333386994e-04
5.650000000000000000e+02,3.799999999999999906e-02,-1.166666666666670016e-03
5.700000000000000000e+02,3.799999999999999906e-02,-1.166666666666670016e-03
5.750000000000000000e+02,3.799999999999999906e-02,-1.166666666666670016e-03
5.800000000000000000e+02,3.799999999999999906e-02,-1.166666666666670016e-03
5.850000000000000000e+02,3.799999999999999906e-02,-1.166666666666670016e-03
5.900000000000000000e+02,3.799999999999999906e-02,-1.666666666666670460e-03
5.950000000000000000e+02,3.799999999999999906e-02,-1.500000000000001332e-03
6.000000000000000000e+02,3.799999999999999906e-02,-1.833333333333339588e-03
6.050000000000000000e+02,3.899999999999999994e-02,-8.333333333333386994e-04
6.100000000000000000e+02,3.799999999999999906e-02,-1.833333333333339588e-03
6.150000000000000000e+02,3.799999999999999906e-02,-1.500000000000001332e-03
6.200000000000000000e+02,3.799999999999999906e-02,-1.333333333333339144e-03
6.250000000000000000e+02,3.799999999999999906e-02,-1.333333333333339144e-03
6.300000000000000000e+02,3.799999999999999906e-02,-1.166666666666670016e-03
6.350000000000000000e+02,3.799999999999999906e-02,-1.166666666666670016e-03
6.400000000000000000e+02,3.699999999999999817e-02,-1.833333333333339588e-03
6.450000000000000000e+02,3.799999999999999906e-02,-8.333333333333386994e-04
6.500000000000000000e+02,3.699999999999999817e-02,-1.666666666666670460e-03
6.550000000000000000e+02,3.699999999999999817e-02,-1.666666666666670460e-03
6.600000000000000000e+02,3.699999999999999817e-02,-1.833333333333339588e-03
6.650000000000000000e+02,3.699999999999999817e-02,-1.666666666666670460e-03
6.700000000000000000e+02,3.699999999999999817e-02,-1.500000000000001332e-03
6.750000000000000000e+02,3.699999999999999817e-02,-1.500000000000001332e-03
6.800000000000000000e+02,3.699999999999999817e-02,-1.333333333333339144e-03
6.850000000000000000e+02,3.699999999999999817e-02,-1.333333333333339144e-03
6.900000000000000000e+02,3.699999999999999817e-02,-1.166666666666670016e-03
6.950000000000000000e+02,3.699999999999999817e-02,-1.333333333333339144e-03
7.000000000000000000e+02,3.799999999999999906e-02,-5.000000000000004441e-04
7.050000000000000000e+02,3.799999999999999906e-02,-1.333333333333339144e-03
7.100000000000000000e+02,3.899999999999999994e-02,-1.666666666666663521e-03
7.150000000000000000e+02,3.899999999999999994e-02,-2.666666666666664409e-03
7.200000000000000000e+02,4.000000000000000083e-02,-1.833333333333332649e-03
7.250000000000000000e+02,4.100000000000000172e-02,-1.666666666666663521e-03
7.300000000000000000e+02,4.299999999999999656e-02,-1.499999999999994393e-03
7.350000000000000000e+02,4.399999999999999745e-02,-2.499999999999995282e-03
7.400000000000000000e+02,4.499999999999999833e-02,-1.999999999999994837e-03
7.450000000000000000e+02,4.599999999999999922e-02,-1.166666666666663077e-03
7.500000000000000000e+02,4.599999999999999922e-02,-1.166666666666663077e-03
7.550000000000000000e+02,4.599999999999999922e-02,-1.166666666666663077e-03
7.600000000000000000e+02,4.599999999999999922e-02,-1.166666666666663077e-03
7.650000000000000000e+02,4.599999999999999922e-02,-8.333333333333317605e-04
7.700000000000000000e+02,4.499999999999999833e-02,-1.499999999999994393e-03
7.750000000000000000e+02,4.499999999999999833e-02,-1.166666666666663077e-03
7.800000000000000000e+02,4.499999999999999833e-02,-4.999999999999935052e-04
7.850000000000000000e+02,4.399999999999999745e-02,-1.166666666666663077e-03
7.900000000000000000e+02,4.399999999999999745e-02,-3.333333333333313164e-04
7.950000000000000000e+02,4.299999999999999656e-02,-9.999999999999939493e-04
8.000000000000000000e+02,4.299999999999999656e-02,-1.666666666666691277e-04
8.050000000000000000e+02,4.299999999999999656e-02,-1.666666666666691277e-04
8.100000000000000000e+02,4.299999999999999656e-02,-6.938893903907228378e-18
8.150000000000000000e+02,4.299999999999999656e-02,-1.666666666666691277e-04
8.200000000000000000e+02,4.399999999999999745e-02,1.666666666666691277e-04
8.250000000000000000e+02,4.499999999999999833e-02,3.333333333333382553e-04
8.300000000000000000e+02,4.700000000000000011e-02,6.938893903907228378e-18
8.350000000000000000e+02,4.900000000000000189e-02,-3.333333333333313164e-04
8.400000000000000000e+02,4.900000000000000189e-02,-8.333333333333317605e-04
8.450000000000000000e+02,5.000000000000000278e-02,-6.666666666666626329e-04
8.500000000000000000e+02,5.099999999999999672e-02,-5.000000000000004441e-04
8.550000000000000000e+02,5.199999999999999761e-02,0.000000000000000000e+00
8.600000000000000000e+02,5.299999999999999850e-02,-5.000000000000004441e-04
8.650000000000000000e+02,5.500000000000000028e-02,-5.000000000000004441e-04
8.700000000000000000e+02,5.800000000000000294e-02,-4.999999999999935052e-04
8.750000000000000000e+02,6.099999999999999867e-02,-1.666666666666691277e-04
8.800000000000000000e+02,5.999999999999999778e-02,-3.333333333333313164e-04
8.850000000000000000e+02,5.899999999999999689e-02,-5.000000000000004441e-04
8.900000000000000000e+02,5.899999999999999689e-02,-1.666666666666691277e-04
8.950000000000000000e+02,5.899999999999999689e-02,-1.000000000000000888e-03
9.000000000000000000e+02,6.099999999999999867e-02,-1.666666666666691277e-04
9.050000000000000000e+02,6.199999999999999956e-02,-6.666666666666626329e-04
9.100000000000000000e+02,6.400000000000000133e-02,-1.166666666666663077e-03
9.150000000000000000e+02,6.700000000000000400e-02,-1.166666666666663077e-03
9.200000000000000000e+02,7.099999999999999367e-02,-8.333333333333386994e-04
9.250000000000000000e+02,7.699999999999999900e-02,-2.000000000000001776e-03
9.300000000000000000e+02,8.599999999999999312e-02,-2.333333333333326154e-03
9.350000000000000000e+02,9.800000000000000377e-02,-2.999999999999988787e-03
9.400000000000000000e+02,1.100000000000000006e-01,-3.833333333333341364e-03
9.450000000000000000e+02,1.280000000000000027e-01,-5.166666666666680507e-03
9.500000000000000000e+02,1.529999999999999971e-01,-6.833333333333357906e-03
9.550000000000000000e+02,1.829999999999999960e-01,-9.166666666666684060e-03
9.600000000000000000e+02,2.079999999999999905e-01,-1.116666666666665808e-02
9.650000000000000000e+02,2.190000000000000002e-01,-1.100000000000000977e-02
9.700000000000000000e+02,2.230000000000000038e-01,-1.199999999999998290e-02
9.750000000000000000e+02,2.260000000000000064e-01,-1.166666666666665853e-02
9.800000000000000000e+02,2.250000000000000056e-01,-1.199999999999995515e-02
9.850000000000000000e+02,2.210000000000000020e-01,-1.183333333333333459e-02
9.900000000000000000e+02,2.129999999999999949e-01,-1.116666666666671359e-02
9.950000000000000000e+02,2.089999999999999913e-01,-1.083333333333333370e-02
