wavelength,absorbance,subtracted_absorbance
3.000000000000000000e+02,1.286000000000000032e+00,6.291666666666665408e-01
3.050000000000000000e+02,1.080000000000000071e+00,5.661666666666668180e-01
3.100000000000000000e+02,9.559999999999999609e-01,5.036666666666667069e-01
3.150000000000000000e+02,8.639999999999999902e-01,4.503333333333333632e-01
3.200000000000000000e+02,7.720000000000000195e-01,3.966666666666667229e-01
3.250000000000000000e+02,6.919999999999999485e-01,3.485000000000000320e-01
3.300000000000000000e+02,6.199999999999999956e-01,3.036666666666666403e-01
3.350000000000000000e+02,5.500000000000000444e-01,2.618333333333334179e-01
3.400000000000000000e+02,4.899999999999999911e-01,2.248333333333332740e-01
3.450000000000000000e+02,4.410000000000000031e-01,1.920000000000000318e-01
3.500000000000000000e+02,4.050000000000000266e-01,1.668333333333333890e-01
3.550000000000000000e+02,3.729999999999999982e-01,1.450000000000000178e-01
3.600000000000000000e+02,3.430000000000000271e-01,1.296666666666666801e-01
3.650000000000000000e+02,3.049999999999999933e-01,1.156666666666666676e-01
3.700000000000000000e+02,2.399999999999999911e-01,1.028333333333333044e-01
3.750000000000000000e+02,1.789999999999999925e-01,9.100000000000001144e-02
3.800000000000000000e+02,1.529999999999999971e-01,8.416666666666665353e-02
3.850000000000000000e+02,1.370000000000000107e-01,7.716666666666668895e-02
3.900000000000000000e+02,1.270000000000000018e-01,7.150000000000000799e-02
3.950000000000000000e+02,1.199999999999999956e-01,6.716666666666665231e-02
4.000000000000000000e+02,1.140000000000000041e-01,6.316666666666667651e-02
4.050000000000000000e+02,1.089999999999999997e-01,5.983333333333333559e-02
4.100000000000000000e+02,1.039999999999999952e-01,5.583333333333333204e-02
4.150000000000000000e+02,1.010000000000000064e-01,5.383333333333334414e-02
4.200000000000000000e+02,9.800000000000000377e-02,5.200000000000001149e-02
4.250000000000000000e+02,9.500000000000000111e-02,4.950000000000000927e-02
4.300000000000000000e+02,9.299999999999999933e-02,4.850000000000000838e-02
4.350000000000000000e+02,8.999999999999999667e-02,4.633333333333333748e-02
4.400000000000000000e+02,8.799999999999999489e-02,4.483333333333332921e-02
4.450000000000000000e+02,8.599999999999999312e-02,4.366666666666665919e-02
4.500000000000000000e+02,8.400000000000000522e-02,4.200000000000000261e-02
4.550000000000000000e+02,8.200000000000000344e-02,4.050000000000000128e-02
4.600000000000000000e+02,8.000000000000000167e-02,3.899999999999999994e-02
4.650000000000000000e+02,7.799999999999999989e-02,3.766666666666666080e-02
4.700000000000000000e+02,7.699999999999999900e-02,3.699999999999999817e-02
4.750000000000000000e+02,7.499999999999999722e-02,3.533333333333332771e-02
4.800000000000000000e+02,7.299999999999999545e-02,3.366666666666665725e-02
4.850000000000000000e+02,7.099999999999999367e-02,3.183333333333332460e-02
4.900000000000000000e+02,7.000000000000000666e-02,3.116666666666666891e-02
4.950000000000000000e+02,6.900000000000000577e-02,3.033333333333333715e-02
5.000000000000000000e+02,6.700000000000000400e-02,2.833333333333333537e-02
5.050000000000000000e+02,6.600000000000000311e-02,2.766666666666666580e-02
5.100000000000000000e+02,6.500000000000000222e-02,2.666666666666666491e-02
5.150000000000000000e+02,6.500000000000000222e-02,2.650000000000000272e-02
5.200000000000000000e+02,6.400000000000000133e-02,2.550000000000000183e-02
5.250000000000000000e+02,6.400000000000000133e-02,2.566666666666666402e-02
5.300000000000000000e+02,6.400000000000000133e-02,2.550000000000000183e-02
5.350000000000000000e+02,6.400000000000000133e-02,2.533333333333333270e-02
5.400000000000000000e+02,6.400000000000000133e-02,2.516666666666666358e-02
5.450000000000000000e+02,6.400000000000000133e-02,2.516666666666666358e-02
5.500000000000000000e+02,6.400000000000000133e-02,2.516666666666666358e-02
5.550000000000000000e+02,6.500000000000000222e-02,2.600000000000000228e-02
5.600000000000000000e+02,6.500000000000000222e-02,2.616666666666666446e-02
5.650000000000000000e+02,6.500000000000000222e-02,2.583333333333333315e-02
5.700000000000000000e+02,6.600000000000000311e-02,2.683333333333333404e-02
5.750000000000000000e+02,6.600000000000000311e-02,2.683333333333333404e-02
5.800000000000000000e+02,6.600000000000000311e-02,2.683333333333333404e-02
5.850000000000000000e+02,6.700000000000000400e-02,2.783333333333333492e-02
5.900000000000000000e+02,6.700000000000000400e-02,2.733333333333333448e-02
5.950000000000000000e+02,6.800000000000000488e-02,2.850000000000000450e-02
6.000000000000000000e+02,6.800000000000000488e-02,2.816666666666666624e-02
6.050000000000000000e+02,6.800000000000000488e-02,2.816666666666666624e-02
6.100000000000000000e+02,6.900000000000000577e-02,2.916666666666666713e-02
6.150000000000000000e+02,7.000000000000000666e-02,3.050000000000000627e-02
6.200000000000000000e+02,7.000000000000000666e-02,3.066666666666666846e-02
6.250000000000000000e+02,7.000000000000000666e-02,3.066666666666666846e-02
6.300000000000000000e+02,7.000000000000000666e-02,3.083333333333333759e-02
6.350000000000000000e+02,7.000000000000000666e-02,3.083333333333333759e-02
6.400000000000000000e+02,7.099999999999999367e-02,3.216666666666665592e-02
6.450000000000000000e+02,7.099999999999999367e-02,3.216666666666665592e-02
6.500000000000000000e+02,7.199999999999999456e-02,3.333333333333332593e-02
6.550000000000000000e+02,7.199999999999999456e-02,3.333333333333332593e-02
6.600000000000000000e+02,7.299999999999999545e-02,3.416666666666665769e-02
6.650000000000000000e+02,7.299999999999999545e-02,3.433333333333332682e-02
6.700000000000000000e+02,7.399999999999999634e-02,3.549999999999999684e-02
6.750000000000000000e+02,7.399999999999999634e-02,3.549999999999999684e-02
6.800000000000000000e+02,7.399999999999999634e-02,3.566666666666665902e-02
6.850000000000000000e+02,7.499999999999999722e-02,3.666666666666665991e-02
6.900000000000000000e+02,7.599999999999999811e-02,3.783333333333332993e-02
6.950000000000000000e+02,7.599999999999999811e-02,3.766666666666666080e-02
7.000000000000000000e+02,7.699999999999999900e-02,3.849999999999999950e-02
7.050000000000000000e+02,7.699999999999999900e-02,3.766666666666666080e-02
7.100000000000000000e+02,7.699999999999999900e-02,3.633333333333333554e-02
7.150000000000000000e+02,8.000000000000000167e-02,3.833333333333333731e-02
7.200000000000000000e+02,8.200000000000000344e-02,4.016666666666666996e-02
7.250000000000000000e+02,8.300000000000000433e-02,4.033333333333333909e-02
7.300000000000000000e+02,8.500000000000000611e-02,4.050000000000001515e-02
7.350000000000000000e+02,8.799999999999999489e-02,4.150000000000000216e-02
7.400000000000000000e+02,8.899999999999999578e-02,4.200000000000000261e-02
7.450000000000000000e+02,8.999999999999999667e-02,4.283333333333333437e-02
7.500000000000000000e+02,9.099999999999999756e-02,4.383333333333333526e-02
7.550000000000000000e+02,9.099999999999999756e-02,4.383333333333333526e-02
7.600000000000000000e+02,9.099999999999999756e-02,4.383333333333333526e-02
7.650000000000000000e+02,9.099999999999999756e-02,4.416666666666666657e-02
7.700000000000000000e+02,9.099999999999999756e-02,4.450000000000000483e-02
7.750000000000000000e+02,9.099999999999999756e-02,4.483333333333333615e-02
7.800000000000000000e+02,9.099999999999999756e-02,4.550000000000000572e-02
7.850000000000000000e+02,9.099999999999999756e-02,4.583333333333333703e-02
7.900000000000000000e+02,9.099999999999999756e-02,4.666666666666666879e-02
7.950000000000000000e+02,9.099999999999999756e-02,4.700000000000000705e-02
8.000000000000000000e+02,9.199999999999999845e-02,4.883333333333333276e-02
8.050000000000000000e+02,9.099999999999999756e-02,4.783333333333333187e-02
8.100000000000000000e+02,9.199999999999999845e-02,4.899999999999999495e-02
8.150000000000000000e+02,9.199999999999999845e-02,4.883333333333333276e-02
8.200000000000000000e+02,8.999999999999999667e-02,4.616666666666666835e-02
8.250000000000000000e+02,9.700000000000000289e-02,5.233333333333334281e-02
8.300000000000000000e+02,1.000000000000000056e-01,5.300000000000001238e-02
8.350000000000000000e+02,1.010000000000000064e-01,5.166666666666667324e-02
8.400000000000000000e+02,1.010000000000000064e-01,5.116666666666667279e-02
8.450000000000000000e+02,1.019999999999999934e-01,5.133333333333332804e-02
8.500000000000000000e+02,1.029999999999999943e-01,5.149999999999999717e-02
8.550000000000000000e+02,1.039999999999999952e-01,5.199999999999999761e-02
8.600000000000000000e+02,1.059999999999999970e-01,5.249999999999999806e-02
8.650000000000000000e+02,1.079999999999999988e-01,5.249999999999999806e-02
8.700000000000000000e+02,1.110000000000000014e-01,5.250000000000000500e-02
8.750000000000000000e+02,1.140000000000000041e-01,5.283333333333333631e-02
8.800000000000000000e+02,1.100000000000000006e-01,4.966666666666667146e-02
8.850000000000000000e+02,1.170000000000000068e-01,5.750000000000000944e-02
8.900000000000000000e+02,1.130000000000000032e-01,5.383333333333333720e-02
8.950000000000000000e+02,1.140000000000000041e-01,5.400000000000000633e-02
9.000000000000000000e+02,1.150000000000000050e-01,5.383333333333333720e-02
9.050000000000000000e+02,1.179999999999999938e-01,5.533333333333333159e-02
9.100000000000000000e+02,1.189999999999999947e-01,5.383333333333333026e-02
9.150000000000000000e+02,1.209999999999999964e-01,5.283333333333332937e-02
9.200000000000000000e+02,1.290000000000000036e-01,5.716666666666667118e-02
9.250000000000000000e+02,1.340000000000000080e-01,5.500000000000000722e-02
9.300000000000000000e+02,1.419999999999999873e-01,5.366666666666666807e-02
9.350000000000000000e+02,1.529999999999999971e-01,5.200000000000000455e-02
9.400000000000000000e+02,1.680000000000000104e-01,5.416666666666666852e-02
9.450000000000000000e+02,1.859999999999999987e-01,5.283333333333331550e-02
9.500000000000000000e+02,2.109999999999999931e-01,5.116666666666663810e-02
9.550000000000000000e+02,2.429999999999999938e-01,5.083333333333331372e-02
9.600000000000000000e+02,2.680000000000000160e-01,4.883333333333336745e-02
9.650000000000000000e+02,2.780000000000000249e-01,4.800000000000001488e-02
9.700000000000000000e+02,2.829999999999999738e-01,4.799999999999998712e-02
9.750000000000000000e+02,2.839999999999999747e-01,4.633333333333330972e-02
9.800000000000000000e+02,2.879999999999999782e-01,5.100000000000001754e-02
9.850000000000000000e+02,2.829999999999999738e-01,5.016666666666663721e-02
9.900000000000000000e+02,2.700000000000000178e-01,4.583333333333330928e-02
9.950000000000000000e+02,2.740000000000000213e-01,5.416666666666669627e-02
