wavelength,absorbance,subtracted_absorbance
3.000000000000000000e+02,8.040000000000000480e-01,1.471666666666665568e-01
3.050000000000000000e+02,6.580000000000000293e-01,1.441666666666667762e-01
3.100000000000000000e+02,5.889999999999999680e-01,1.366666666666666585e-01
3.150000000000000000e+02,5.420000000000000373e-01,1.283333333333334103e-01
3.200000000000000000e+02,4.909999999999999920e-01,1.156666666666666954e-01
3.250000000000000000e+02,4.480000000000000093e-01,1.045000000000000928e-01
3.300000000000000000e+02,4.069999999999999729e-01,9.066666666666661767e-02
3.350000000000000000e+02,3.659999999999999920e-01,7.783333333333336546e-02
3.400000000000000000e+02,3.320000000000000173e-01,6.683333333333330017e-02
3.450000000000000000e+02,3.049999999999999933e-01,5.600000000000002198e-02
3.500000000000000000e+02,2.869999999999999774e-01,4.883333333333333970e-02
3.550000000000000000e+02,2.710000000000000187e-01,4.300000000000003819e-02
3.600000000000000000e+02,2.520000000000000018e-01,3.866666666666665475e-02
3.650000000000000000e+02,2.230000000000000038e-01,3.366666666666667806e-02
3.700000000000000000e+02,1.610000000000000042e-01,2.383333333333331749e-02
3.750000000000000000e+02,1.029999999999999943e-01,1.500000000000001332e-02
3.800000000000000000e+02,8.100000000000000255e-02,1.216666666666665897e-02
3.850000000000000000e+02,7.000000000000000666e-02,1.016666666666667801e-02
3.900000000000000000e+02,6.500000000000000222e-02,9.500000000000001499e-03
3.950000000000000000e+02,6.199999999999999956e-02,9.166666666666663243e-03
4.000000000000000000e+02,5.899999999999999689e-02,8.166666666666662355e-03
4.050000000000000000e+02,5.700000000000000205e-02,7.833333333333337978e-03
4.100000000000000000e+02,5.500000000000000028e-02,6.833333333333337090e-03
4.150000000000000000e+02,5.399999999999999939e-02,6.833333333333337090e-03
4.200000000000000000e+02,5.299999999999999850e-02,7.000000000000006217e-03
4.250000000000000000e+02,5.199999999999999761e-02,6.500000000000005773e-03
4.300000000000000000e+02,5.000000000000000278e-02,5.500000000000011824e-03
4.350000000000000000e+02,4.900000000000000189e-02,5.333333333333342696e-03
4.400000000000000000e+02,4.800000000000000100e-02,4.833333333333335313e-03
4.450000000000000000e+02,4.599999999999999922e-02,3.666666666666665297e-03
4.500000000000000000e+02,4.499999999999999833e-02,2.999999999999995726e-03
4.550000000000000000e+02,4.499999999999999833e-02,3.499999999999996170e-03
4.600000000000000000e+02,4.299999999999999656e-02,1.999999999999994837e-03
4.650000000000000000e+02,4.299999999999999656e-02,2.666666666666657470e-03
4.700000000000000000e+02,4.200000000000000261e-02,2.000000000000001776e-03
4.750000000000000000e+02,4.100000000000000172e-02,1.333333333333332205e-03
4.800000000000000000e+02,4.000000000000000083e-02,6.666666666666626329e-04
4.850000000000000000e+02,4.000000000000000083e-02,8.333333333333317605e-04
4.900000000000000000e+02,3.899999999999999994e-02,1.666666666666621888e-04
4.950000000000000000e+02,3.899999999999999994e-02,3.333333333333313164e-04
5.000000000000000000e+02,3.899999999999999994e-02,3.333333333333313164e-04
5.050000000000000000e+02,3.899999999999999994e-02,6.666666666666626329e-04
5.100000000000000000e+02,3.799999999999999906e-02,-3.333333333333382553e-04
5.150000000000000000e+02,3.799999999999999906e-02,-5.000000000000004441e-04
5.200000000000000000e+02,3.799999999999999906e-02,-5.000000000000004441e-04
5.250000000000000000e+02,3.799999999999999906e-02,-3.333333333333382553e-04
5.300000000000000000e+02,3.799999999999999906e-02,-5.000000000000004441e-04
5.350000000000000000e+02,3.799999999999999906e-02,-6.666666666666695718e-04
5.400000000000000000e+02,3.899999999999999994e-02,1.666666666666621888e-04
5.450000000000000000e+02,3.899999999999999994e-02,1.666666666666621888e-04
5.500000000000000000e+02,3.899999999999999994e-02,1.666666666666621888e-04
5.550000000000000000e+02,3.899999999999999994e-02,0.000000000000000000e+00
5.600000000000000000e+02,3.899999999999999994e-02,1.666666666666621888e-04
5.650000000000000000e+02,3.899999999999999994e-02,-1.666666666666691277e-04
5.700000000000000000e+02,4.000000000000000083e-02,8.333333333333317605e-04
5.750000000000000000e+02,4.000000000000000083e-02,8.333333333333317605e-04
5.800000000000000000e+02,4.000000000000000083e-02,8.333333333333317605e-04
5.850000000000000000e+02,4.000000000000000083e-02,8.333333333333317605e-04
5.900000000000000000e+02,4.000000000000000083e-02,3.333333333333313164e-04
5.950000000000000000e+02,4.000000000000000083e-02,5.000000000000004441e-04
6.000000000000000000e+02,4.100000000000000172e-02,1.166666666666663077e-03
6.050000000000000000e+02,4.100000000000000172e-02,1.166666666666663077e-03
6.100000000000000000e+02,4.100000000000000172e-02,1.166666666666663077e-03
6.150000000000000000e+02,4.100000000000000172e-02,1.500000000000001332e-03
6.200000000000000000e+02,4.100000000000000172e-02,1.666666666666663521e-03
6.250000000000000000e+02,4.100000000000000172e-02,1.666666666666663521e-03
6.300000000000000000e+02,4.100000000000000172e-02,1.833333333333332649e-03
6.350000000000000000e+02,4.000000000000000083e-02,8.333333333333317605e-04
6.400000000000000000e+02,4.000000000000000083e-02,1.166666666666663077e-03
6.450000000000000000e+02,4.000000000000000083e-02,1.166666666666663077e-03
6.500000000000000000e+02,4.000000000000000083e-02,1.333333333333332205e-03
6.550000000000000000e+02,4.000000000000000083e-02,1.333333333333332205e-03
6.600000000000000000e+02,4.000000000000000083e-02,1.166666666666663077e-03
6.650000000000000000e+02,4.000000000000000083e-02,1.333333333333332205e-03
6.700000000000000000e+02,4.000000000000000083e-02,1.500000000000001332e-03
6.750000000000000000e+02,4.000000000000000083e-02,1.500000000000001332e-03
6.800000000000000000e+02,4.000000000000000083e-02,1.666666666666663521e-03
6.850000000000000000e+02,4.000000000000000083e-02,1.666666666666663521e-03
6.900000000000000000e+02,4.000000000000000083e-02,1.833333333333332649e-03
6.950000000000000000e+02,4.000000000000000083e-02,1.666666666666663521e-03
7.000000000000000000e+02,4.000000000000000083e-02,1.500000000000001332e-03
7.050000000000000000e+02,4.100000000000000172e-02,1.666666666666663521e-03
7.100000000000000000e+02,4.200000000000000261e-02,1.333333333333339144e-03
7.150000000000000000e+02,4.299999999999999656e-02,1.333333333333332205e-03
7.200000000000000000e+02,4.299999999999999656e-02,1.166666666666663077e-03
7.250000000000000000e+02,4.399999999999999745e-02,1.333333333333332205e-03
7.300000000000000000e+02,4.499999999999999833e-02,5.000000000000073830e-04
7.350000000000000000e+02,4.700000000000000011e-02,5.000000000000073830e-04
7.400000000000000000e+02,4.800000000000000100e-02,1.000000000000007827e-03
7.450000000000000000e+02,4.800000000000000100e-02,8.333333333333386994e-04
7.500000000000000000e+02,4.800000000000000100e-02,8.333333333333386994e-04
7.550000000000000000e+02,4.800000000000000100e-02,8.333333333333386994e-04
7.600000000000000000e+02,4.800000000000000100e-02,8.333333333333386994e-04
7.650000000000000000e+02,4.800000000000000100e-02,1.166666666666670016e-03
7.700000000000000000e+02,4.700000000000000011e-02,5.000000000000073830e-04
7.750000000000000000e+02,4.700000000000000011e-02,8.333333333333386994e-04
7.800000000000000000e+02,4.599999999999999922e-02,5.000000000000073830e-04
7.850000000000000000e+02,4.599999999999999922e-02,8.333333333333386994e-04
7.900000000000000000e+02,4.499999999999999833e-02,6.666666666666695718e-04
7.950000000000000000e+02,4.399999999999999745e-02,6.938893903907228378e-18
8.000000000000000000e+02,4.399999999999999745e-02,8.333333333333317605e-04
8.050000000000000000e+02,4.299999999999999656e-02,-1.666666666666691277e-04
8.100000000000000000e+02,4.299999999999999656e-02,-6.938893903907228378e-18
8.150000000000000000e+02,4.299999999999999656e-02,-1.666666666666691277e-04
8.200000000000000000e+02,4.399999999999999745e-02,1.666666666666691277e-04
8.250000000000000000e+02,4.499999999999999833e-02,3.333333333333382553e-04
8.300000000000000000e+02,4.700000000000000011e-02,6.938893903907228378e-18
8.350000000000000000e+02,4.900000000000000189e-02,-3.333333333333313164e-04
8.400000000000000000e+02,5.000000000000000278e-02,1.666666666666691277e-04
8.450000000000000000e+02,5.000000000000000278e-02,-6.666666666666626329e-04
8.500000000000000000e+02,5.099999999999999672e-02,-5.000000000000004441e-04
8.550000000000000000e+02,5.199999999999999761e-02,0.000000000000000000e+00
8.600000000000000000e+02,5.299999999999999850e-02,-5.000000000000004441e-04
8.650000000000000000e+02,5.500000000000000028e-02,-5.000000000000004441e-04
8.700000000000000000e+02,5.800000000000000294e-02,-4.999999999999935052e-04
8.750000000000000000e+02,6.099999999999999867e-02,-1.666666666666691277e-04
8.800000000000000000e+02,5.999999999999999778e-02,-3.333333333333313164e-04
8.850000000000000000e+02,5.899999999999999689e-02,-5.000000000000004441e-04
8.900000000000000000e+02,5.899999999999999689e-02,-1.666666666666691277e-04
8.950000000000000000e+02,5.999999999999999778e-02,0.000000000000000000e+00
9.000000000000000000e+02,6.099999999999999867e-02,-1.666666666666691277e-04
9.050000000000000000e+02,6.199999999999999956e-02,-6.666666666666626329e-04
9.100000000000000000e+02,6.400000000000000133e-02,-1.166666666666663077e-03
9.150000000000000000e+02,6.700000000000000400e-02,-1.166666666666663077e-03
9.200000000000000000e+02,7.099999999999999367e-02,-8.333333333333386994e-04
9.250000000000000000e+02,7.799999999999999989e-02,-1.000000000000000888e-03
9.300000000000000000e+02,8.699999999999999400e-02,-1.333333333333325266e-03
9.350000000000000000e+02,9.900000000000000466e-02,-1.999999999999987899e-03
9.400000000000000000e+02,1.120000000000000023e-01,-1.833333333333339588e-03
9.450000000000000000e+02,1.310000000000000053e-01,-2.166666666666677843e-03
9.500000000000000000e+02,1.559999999999999998e-01,-3.833333333333355242e-03
9.550000000000000000e+02,1.880000000000000004e-01,-4.166666666666679619e-03
9.600000000000000000e+02,2.139999999999999958e-01,-5.166666666666652752e-03
9.650000000000000000e+02,2.250000000000000056e-01,-5.000000000000004441e-03
9.700000000000000000e+02,2.300000000000000100e-01,-4.999999999999976685e-03
9.750000000000000000e+02,2.320000000000000118e-01,-5.666666666666653196e-03
9.800000000000000000e+02,2.320000000000000118e-01,-4.999999999999948930e-03
9.850000000000000000e+02,2.280000000000000082e-01,-4.833333333333328374e-03
9.900000000000000000e+02,2.200000000000000011e-01,-4.166666666666707375e-03
9.950000000000000000e+02,2.159999999999999976e-01,-3.833333333333327486e-03
