wavelength,absorbance,subtracted_absorbance
3.000000000000000000e+02,6.999999999999999556e-01,4.316666666666646446e-02
3.050000000000000000e+02,5.570000000000000506e-01,4.316666666666679752e-02
3.100000000000000000e+02,4.959999999999999964e-01,4.366666666666668695e-02
3.150000000000000000e+02,4.580000000000000182e-01,4.433333333333339121e-02
3.200000000000000000e+02,4.179999999999999827e-01,4.266666666666668606e-02
3.250000000000000000e+02,3.860000000000000098e-01,4.250000000000009326e-02
3.300000000000000000e+02,3.579999999999999849e-01,4.166666666666662966e-02
3.350000000000000000e+02,3.300000000000000155e-01,4.183333333333338899e-02
3.400000000000000000e+02,3.059999999999999942e-01,4.083333333333327708e-02
3.450000000000000000e+02,2.899999999999999800e-01,4.100000000000000866e-02
3.500000000000000000e+02,2.800000000000000266e-01,4.183333333333338899e-02
3.550000000000000000e+02,2.710000000000000187e-01,4.300000000000003819e-02
3.600000000000000000e+02,2.570000000000000062e-01,4.366666666666665919e-02
3.650000000000000000e+02,2.300000000000000100e-01,4.066666666666668428e-02
3.700000000000000000e+02,1.650000000000000078e-01,2.783333333333332105e-02
3.750000000000000000e+02,9.900000000000000466e-02,1.100000000000002365e-02
3.800000000000000000e+02,7.399999999999999634e-02,5.166666666666652752e-03
3.850000000000000000e+02,6.300000000000000044e-02,3.166666666666671792e-03
3.900000000000000000e+02,5.899999999999999689e-02,3.499999999999996170e-03
3.950000000000000000e+02,5.600000000000000117e-02,3.166666666666664853e-03
4.000000000000000000e+02,5.299999999999999850e-02,2.166666666666663965e-03
4.050000000000000000e+02,5.199999999999999761e-02,2.833333333333333537e-03
4.100000000000000000e+02,5.000000000000000278e-02,1.833333333333339588e-03
4.150000000000000000e+02,4.900000000000000189e-02,1.833333333333339588e-03
4.200000000000000000e+02,4.800000000000000100e-02,2.000000000000008715e-03
4.250000000000000000e+02,4.700000000000000011e-02,1.500000000000008271e-03
4.300000000000000000e+02,4.599999999999999922e-02,1.500000000000008271e-03
4.350000000000000000e+02,4.599999999999999922e-02,2.333333333333340032e-03
4.400000000000000000e+02,4.499999999999999833e-02,1.833333333333332649e-03
4.450000000000000000e+02,4.499999999999999833e-02,2.666666666666664409e-03
4.500000000000000000e+02,4.399999999999999745e-02,1.999999999999994837e-03
4.550000000000000000e+02,4.399999999999999745e-02,2.499999999999995282e-03
4.600000000000000000e+02,4.399999999999999745e-02,2.999999999999995726e-03
4.650000000000000000e+02,4.399999999999999745e-02,3.666666666666658358e-03
4.700000000000000000e+02,4.299999999999999656e-02,2.999999999999995726e-03
4.750000000000000000e+02,4.299999999999999656e-02,3.333333333333327042e-03
4.800000000000000000e+02,4.299999999999999656e-02,3.666666666666658358e-03
4.850000000000000000e+02,4.299999999999999656e-02,3.833333333333327486e-03
4.900000000000000000e+02,4.299999999999999656e-02,4.166666666666658803e-03
4.950000000000000000e+02,4.200000000000000261e-02,3.333333333333333981e-03
5.000000000000000000e+02,4.200000000000000261e-02,3.333333333333333981e-03
5.050000000000000000e+02,4.200000000000000261e-02,3.666666666666665297e-03
5.100000000000000000e+02,4.200000000000000261e-02,3.666666666666665297e-03
5.150000000000000000e+02,4.200000000000000261e-02,3.500000000000003109e-03
5.200000000000000000e+02,4.200000000000000261e-02,3.500000000000003109e-03
5.250000000000000000e+02,4.200000000000000261e-02,3.666666666666665297e-03
5.300000000000000000e+02,4.100000000000000172e-02,2.500000000000002220e-03
5.350000000000000000e+02,4.100000000000000172e-02,2.333333333333333093e-03
5.400000000000000000e+02,4.100000000000000172e-02,2.166666666666663965e-03
5.450000000000000000e+02,4.100000000000000172e-02,2.166666666666663965e-03
5.500000000000000000e+02,4.100000000000000172e-02,2.166666666666663965e-03
5.550000000000000000e+02,4.100000000000000172e-02,2.000000000000001776e-03
5.600000000000000000e+02,4.100000000000000172e-02,2.166666666666663965e-03
5.650000000000000000e+02,4.000000000000000083e-02,8.333333333333317605e-04
5.700000000000000000e+02,4.000000000000000083e-02,8.333333333333317605e-04
5.750000000000000000e+02,4.000000000000000083e-02,8.333333333333317605e-04
5.800000000000000000e+02,4.000000000000000083e-02,8.333333333333317605e-04
5.850000000000000000e+02,4.000000000000000083e-02,8.333333333333317605e-04
5.900000000000000000e+02,4.000000000000000083e-02,3.333333333333313164e-04
5.950000000000000000e+02,4.000000000000000083e-02,5.000000000000004441e-04
6.000000000000000000e+02,4.000000000000000083e-02,1.666666666666621888e-04
6.050000000000000000e+02,4.000000000000000083e-02,1.666666666666621888e-04
6.100000000000000000e+02,3.899999999999999994e-02,-8.333333333333386994e-04
6.150000000000000000e+02,3.899999999999999994e-02,-5.000000000000004441e-04
6.200000000000000000e+02,3.899999999999999994e-02,-3.333333333333382553e-04
6.250000000000000000e+02,3.899999999999999994e-02,-3.333333333333382553e-04
6.300000000000000000e+02,3.799999999999999906e-02,-1.166666666666670016e-03
6.350000000000000000e+02,3.799999999999999906e-02,-1.166666666666670016e-03
6.400000000000000000e+02,3.799999999999999906e-02,-8.333333333333386994e-04
6.450000000000000000e+02,3.799999999999999906e-02,-8.333333333333386994e-04
6.500000000000000000e+02,3.799999999999999906e-02,-6.666666666666695718e-04
6.550000000000000000e+02,3.799999999999999906e-02,-6.666666666666695718e-04
6.600000000000000000e+02,3.799999999999999906e-02,-8.333333333333386994e-04
6.650000000000000000e+02,3.799999999999999906e-02,-6.666666666666695718e-04
6.700000000000000000e+02,3.699999999999999817e-02,-1.500000000000001332e-03
6.750000000000000000e+02,3.699999999999999817e-02,-1.500000000000001332e-03
6.800000000000000000e+02,3.699999999999999817e-02,-1.333333333333339144e-03
6.850000000000000000e+02,3.699999999999999817e-02,-1.333333333333339144e-03
6.900000000000000000e+02,3.699999999999999817e-02,-1.166666666666670016e-03
6.950000000000000000e+02,3.699999999999999817e-02,-1.333333333333339144e-03
7.000000000000000000e+02,3.799999999999999906e-02,-5.000000000000004441e-04
7.050000000000000000e+02,3.799999999999999906e-02,-1.333333333333339144e-03
7.100000000000000000e+02,3.799999999999999906e-02,-2.666666666666664409e-03
7.150000000000000000e+02,4.000000000000000083e-02,-1.666666666666663521e-03
7.200000000000000000e+02,4.000000000000000083e-02,-1.833333333333332649e-03
7.250000000000000000e+02,4.100000000000000172e-02,-1.666666666666663521e-03
7.300000000000000000e+02,4.299999999999999656e-02,-1.499999999999994393e-03
7.350000000000000000e+02,4.499999999999999833e-02,-1.499999999999994393e-03
7.400000000000000000e+02,4.599999999999999922e-02,-9.999999999999939493e-04
7.450000000000000000e+02,4.599999999999999922e-02,-1.166666666666663077e-03
7.500000000000000000e+02,4.599999999999999922e-02,-1.166666666666663077e-03
7.550000000000000000e+02,4.599999999999999922e-02,-1.166666666666663077e-03
7.600000000000000000e+02,4.599999999999999922e-02,-1.166666666666663077e-03
7.650000000000000000e+02,4.599999999999999922e-02,-8.333333333333317605e-04
7.700000000000000000e+02,4.599999999999999922e-02,-4.999999999999935052e-04
7.750000000000000000e+02,4.499999999999999833e-02,-1.166666666666663077e-03
7.800000000000000000e+02,4.499999999999999833e-02,-4.999999999999935052e-04
7.850000000000000000e+02,4.499999999999999833e-02,-1.666666666666621888e-04
7.900000000000000000e+02,4.399999999999999745e-02,-3.333333333333313164e-04
7.950000000000000000e+02,4.399999999999999745e-02,6.938893903907228378e-18
8.000000000000000000e+02,4.299999999999999656e-02,-1.666666666666691277e-04
8.050000000000000000e+02,4.299999999999999656e-02,-1.666666666666691277e-04
8.100000000000000000e+02,4.299999999999999656e-02,-6.938893903907228378e-18
8.150000000000000000e+02,4.299999999999999656e-02,-1.666666666666691277e-04
8.200000000000000000e+02,4.499999999999999833e-02,1.166666666666670016e-03
8.250000000000000000e+02,4.499999999999999833e-02,3.333333333333382553e-04
8.300000000000000000e+02,4.700000000000000011e-02,6.938893903907228378e-18
8.350000000000000000e+02,4.900000000000000189e-02,-3.333333333333313164e-04
8.400000000000000000e+02,5.000000000000000278e-02,1.666666666666691277e-04
8.450000000000000000e+02,5.099999999999999672e-02,3.333333333333313164e-04
8.500000000000000000e+02,5.199999999999999761e-02,5.000000000000004441e-04
8.550000000000000000e+02,5.199999999999999761e-02,0.000000000000000000e+00
8.600000000000000000e+02,5.399999999999999939e-02,5.000000000000004441e-04
8.650000000000000000e+02,5.600000000000000117e-02,5.000000000000004441e-04
8.700000000000000000e+02,5.899999999999999689e-02,5.000000000000004441e-04
8.750000000000000000e+02,6.199999999999999956e-02,8.333333333333317605e-04
8.800000000000000000e+02,6.099999999999999867e-02,6.666666666666695718e-04
8.850000000000000000e+02,5.999999999999999778e-02,5.000000000000004441e-04
8.900000000000000000e+02,5.899999999999999689e-02,-1.666666666666691277e-04
8.950000000000000000e+02,5.999999999999999778e-02,0.000000000000000000e+00
9.000000000000000000e+02,6.199999999999999956e-02,8.333333333333317605e-04
9.050000000000000000e+02,6.199999999999999956e-02,-6.666666666666626329e-04
9.100000000000000000e+02,6.500000000000000222e-02,-1.666666666666621888e-04
9.150000000000000000e+02,6.800000000000000488e-02,-1.666666666666621888e-04
9.200000000000000000e+02,7.199999999999999456e-02,1.666666666666621888e-04
9.250000000000000000e+02,7.900000000000000078e-02,0.000000000000000000e+00
9.300000000000000000e+02,8.799999999999999489e-02,-3.333333333333243775e-04
9.350000000000000000e+02,9.900000000000000466e-02,-1.999999999999987899e-03
9.400000000000000000e+02,1.110000000000000014e-01,-2.833333333333340476e-03
9.450000000000000000e+02,1.300000000000000044e-01,-3.166666666666678731e-03
9.500000000000000000e+02,1.539999999999999980e-01,-5.833333333333357018e-03
9.550000000000000000e+02,1.849999999999999978e-01,-7.166666666666682284e-03
9.600000000000000000e+02,2.099999999999999922e-01,-9.166666666666656305e-03
9.650000000000000000e+02,2.210000000000000020e-01,-9.000000000000007994e-03
9.700000000000000000e+02,2.250000000000000056e-01,-9.999999999999981126e-03
9.750000000000000000e+02,2.270000000000000073e-01,-1.066666666666665764e-02
9.800000000000000000e+02,2.260000000000000064e-01,-1.099999999999995426e-02
9.850000000000000000e+02,2.220000000000000029e-01,-1.083333333333333370e-02
9.900000000000000000e+02,2.129999999999999949e-01,-1.116666666666671359e-02
9.950000000000000000e+02,2.089999999999999913e-01,-1.083333333333333370e-02
