wavelength,absorbance,subtracted_absorbance
3.000000000000000000e+02,8.970000000000000195e-01,2.401666666666665284e-01
3.050000000000000000e+02,7.359999999999999876e-01,2.221666666666667345e-01
3.100000000000000000e+02,6.540000000000000258e-01,2.016666666666667163e-01
3.150000000000000000e+02,5.959999999999999742e-01,1.823333333333333472e-01
3.200000000000000000e+02,5.370000000000000329e-01,1.616666666666667362e-01
3.250000000000000000e+02,4.889999999999999902e-01,1.455000000000000737e-01
3.300000000000000000e+02,4.450000000000000067e-01,1.286666666666666514e-01
3.350000000000000000e+02,4.040000000000000258e-01,1.158333333333333992e-01
3.400000000000000000e+02,3.669999999999999929e-01,1.018333333333332757e-01
3.450000000000000000e+02,3.390000000000000235e-01,9.000000000000005218e-02
3.500000000000000000e+02,3.170000000000000040e-01,7.883333333333336634e-02
3.550000000000000000e+02,2.969999999999999862e-01,6.900000000000000577e-02
3.600000000000000000e+02,2.740000000000000213e-01,6.066666666666667429e-02
3.650000000000000000e+02,2.419999999999999929e-01,5.266666666666666718e-02
3.700000000000000000e+02,1.839999999999999969e-01,4.683333333333331017e-02
3.750000000000000000e+02,1.310000000000000053e-01,4.300000000000002431e-02
3.800000000000000000e+02,1.079999999999999988e-01,3.916666666666665519e-02
3.850000000000000000e+02,9.400000000000000022e-02,3.416666666666667157e-02
3.900000000000000000e+02,8.599999999999999312e-02,3.049999999999999239e-02
3.950000000000000000e+02,8.000000000000000167e-02,2.716666666666666535e-02
4.000000000000000000e+02,7.399999999999999634e-02,2.316666666666666180e-02
4.050000000000000000e+02,6.900000000000000577e-02,1.983333333333334170e-02
4.100000000000000000e+02,6.500000000000000222e-02,1.683333333333333903e-02
4.150000000000000000e+02,6.099999999999999867e-02,1.383333333333333637e-02
4.200000000000000000e+02,5.800000000000000294e-02,1.200000000000001066e-02
4.250000000000000000e+02,5.600000000000000117e-02,1.050000000000000933e-02
4.300000000000000000e+02,5.299999999999999850e-02,8.500000000000007550e-03
4.350000000000000000e+02,5.099999999999999672e-02,7.333333333333337534e-03
4.400000000000000000e+02,5.000000000000000278e-02,6.833333333333337090e-03
4.450000000000000000e+02,4.800000000000000100e-02,5.666666666666667074e-03
4.500000000000000000e+02,4.700000000000000011e-02,4.999999999999997502e-03
4.550000000000000000e+02,4.599999999999999922e-02,4.499999999999997058e-03
4.600000000000000000e+02,4.599999999999999922e-02,4.999999999999997502e-03
4.650000000000000000e+02,4.499999999999999833e-02,4.666666666666659247e-03
4.700000000000000000e+02,4.399999999999999745e-02,3.999999999999996614e-03
4.750000000000000000e+02,4.299999999999999656e-02,3.333333333333327042e-03
4.800000000000000000e+02,4.299999999999999656e-02,3.666666666666658358e-03
4.850000000000000000e+02,4.200000000000000261e-02,2.833333333333333537e-03
4.900000000000000000e+02,4.200000000000000261e-02,3.166666666666664853e-03
4.950000000000000000e+02,4.100000000000000172e-02,2.333333333333333093e-03
5.000000000000000000e+02,4.100000000000000172e-02,2.333333333333333093e-03
5.050000000000000000e+02,4.000000000000000083e-02,1.666666666666663521e-03
5.100000000000000000e+02,4.000000000000000083e-02,1.666666666666663521e-03
5.150000000000000000e+02,3.899999999999999994e-02,5.000000000000004441e-04
5.200000000000000000e+02,3.899999999999999994e-02,5.000000000000004441e-04
5.250000000000000000e+02,3.899999999999999994e-02,6.666666666666626329e-04
5.300000000000000000e+02,3.899999999999999994e-02,5.000000000000004441e-04
5.350000000000000000e+02,3.799999999999999906e-02,-6.666666666666695718e-04
5.400000000000000000e+02,3.799999999999999906e-02,-8.333333333333386994e-04
5.450000000000000000e+02,3.799999999999999906e-02,-8.333333333333386994e-04
5.500000000000000000e+02,3.799999999999999906e-02,-8.333333333333386994e-04
5.550000000000000000e+02,3.799999999999999906e-02,-1.000000000000000888e-03
5.600000000000000000e+02,3.899999999999999994e-02,1.666666666666621888e-04
5.650000000000000000e+02,3.899999999999999994e-02,-1.666666666666691277e-04
5.700000000000000000e+02,3.899999999999999994e-02,-1.666666666666691277e-04
5.750000000000000000e+02,3.899999999999999994e-02,-1.666666666666691277e-04
5.800000000000000000e+02,3.899999999999999994e-02,-1.666666666666691277e-04
5.850000000000000000e+02,3.899999999999999994e-02,-1.666666666666691277e-04
5.900000000000000000e+02,3.899999999999999994e-02,-6.666666666666695718e-04
5.950000000000000000e+02,3.899999999999999994e-02,-5.000000000000004441e-04
6.000000000000000000e+02,4.000000000000000083e-02,1.666666666666621888e-04
6.050000000000000000e+02,4.000000000000000083e-02,1.666666666666621888e-04
6.100000000000000000e+02,3.899999999999999994e-02,-8.333333333333386994e-04
6.150000000000000000e+02,3.899999999999999994e-02,-5.000000000000004441e-04
6.200000000000000000e+02,3.899999999999999994e-02,-3.333333333333382553e-04
6.250000000000000000e+02,3.899999999999999994e-02,-3.333333333333382553e-04
6.300000000000000000e+02,3.899999999999999994e-02,-1.666666666666691277e-04
6.350000000000000000e+02,3.899999999999999994e-02,-1.666666666666691277e-04
6.400000000000000000e+02,3.799999999999999906e-02,-8.333333333333386994e-04
6.450000000000000000e+02,3.799999999999999906e-02,-8.333333333333386994e-04
6.500000000000000000e+02,3.799999999999999906e-02,-6.666666666666695718e-04
6.550000000000000000e+02,3.799999999999999906e-02,-6.666666666666695718e-04
6.600000000000000000e+02,3.799999999999999906e-02,-8.333333333333386994e-04
6.650000000000000000e+02,3.799999999999999906e-02,-6.666666666666695718e-04
6.700000000000000000e+02,3.799999999999999906e-02,-5.000000000000004441e-04
6.750000000000000000e+02,3.699999999999999817e-02,-1.500000000000001332e-03
6.800000000000000000e+02,3.699999999999999817e-02,-1.333333333333339144e-03
6.850000000000000000e+02,3.699999999999999817e-02,-1.333333333333339144e-03
6.900000000000000000e+02,3.699999999999999817e-02,-1.166666666666670016e-03
6.950000000000000000e+02,3.699999999999999817e-02,-1.333333333333339144e-03
7.000000000000000000e+02,3.699999999999999817e-02,-1.500000000000001332e-03
7.050000000000000000e+02,3.799999999999999906e-02,-1.333333333333339144e-03
7.100000000000000000e+02,3.799999999999999906e-02,-2.666666666666664409e-03
7.150000000000000000e+02,3.899999999999999994e-02,-2.666666666666664409e-03
7.200000000000000000e+02,4.000000000000000083e-02,-1.833333333333332649e-03
7.250000000000000000e+02,4.000000000000000083e-02,-2.666666666666664409e-03
7.300000000000000000e+02,4.200000000000000261e-02,-2.499999999999988343e-03
7.350000000000000000e+02,4.399999999999999745e-02,-2.499999999999995282e-03
7.400000000000000000e+02,4.499999999999999833e-02,-1.999999999999994837e-03
7.450000000000000000e+02,4.499999999999999833e-02,-2.166666666666663965e-03
7.500000000000000000e+02,4.499999999999999833e-02,-2.166666666666663965e-03
7.550000000000000000e+02,4.499999999999999833e-02,-2.166666666666663965e-03
7.600000000000000000e+02,4.499999999999999833e-02,-2.166666666666663965e-03
7.650000000000000000e+02,4.499999999999999833e-02,-1.833333333333332649e-03
7.700000000000000000e+02,4.499999999999999833e-02,-1.499999999999994393e-03
7.750000000000000000e+02,4.399999999999999745e-02,-2.166666666666663965e-03
7.800000000000000000e+02,4.399999999999999745e-02,-1.499999999999994393e-03
7.850000000000000000e+02,4.399999999999999745e-02,-1.166666666666663077e-03
7.900000000000000000e+02,4.299999999999999656e-02,-1.333333333333332205e-03
7.950000000000000000e+02,4.299999999999999656e-02,-9.999999999999939493e-04
8.000000000000000000e+02,4.299999999999999656e-02,-1.666666666666691277e-04
8.050000000000000000e+02,4.200000000000000261e-02,-1.166666666666663077e-03
8.100000000000000000e+02,4.200000000000000261e-02,-1.000000000000000888e-03
8.150000000000000000e+02,4.299999999999999656e-02,-1.666666666666691277e-04
8.200000000000000000e+02,4.299999999999999656e-02,-8.333333333333317605e-04
8.250000000000000000e+02,4.399999999999999745e-02,-6.666666666666626329e-04
8.300000000000000000e+02,4.700000000000000011e-02,6.938893903907228378e-18
8.350000000000000000e+02,4.900000000000000189e-02,-3.333333333333313164e-04
8.400000000000000000e+02,5.000000000000000278e-02,1.666666666666691277e-04
8.450000000000000000e+02,5.000000000000000278e-02,-6.666666666666626329e-04
8.500000000000000000e+02,5.099999999999999672e-02,-5.000000000000004441e-04
8.550000000000000000e+02,5.199999999999999761e-02,0.000000000000000000e+00
8.600000000000000000e+02,5.299999999999999850e-02,-5.000000000000004441e-04
8.650000000000000000e+02,5.500000000000000028e-02,-5.000000000000004441e-04
8.700000000000000000e+02,5.800000000000000294e-02,-4.999999999999935052e-04
8.750000000000000000e+02,6.099999999999999867e-02,-1.666666666666691277e-04
8.800000000000000000e+02,5.999999999999999778e-02,-3.333333333333313164e-04
8.850000000000000000e+02,5.999999999999999778e-02,5.000000000000004441e-04
8.900000000000000000e+02,5.899999999999999689e-02,-1.666666666666691277e-04
8.950000000000000000e+02,5.999999999999999778e-02,0.000000000000000000e+00
9.000000000000000000e+02,6.099999999999999867e-02,-1.666666666666691277e-04
9.050000000000000000e+02,6.300000000000000044e-02,3.333333333333382553e-04
9.100000000000000000e+02,6.500000000000000222e-02,-1.666666666666621888e-04
9.150000000000000000e+02,6.800000000000000488e-02,-1.666666666666621888e-04
9.200000000000000000e+02,7.199999999999999456e-02,1.666666666666621888e-04
9.250000000000000000e+02,7.900000000000000078e-02,0.000000000000000000e+00
9.300000000000000000e+02,8.799999999999999489e-02,-3.333333333333243775e-04
9.350000000000000000e+02,1.000000000000000056e-01,-9.999999999999870104e-04
9.400000000000000000e+02,1.110000000000000014e-01,-2.833333333333340476e-03
9.450000000000000000e+02,1.300000000000000044e-01,-3.166666666666678731e-03
9.500000000000000000e+02,1.549999999999999989e-01,-4.833333333333356130e-03
9.550000000000000000e+02,1.859999999999999987e-01,-6.166666666666681396e-03
9.600000000000000000e+02,2.109999999999999931e-01,-8.166666666666655416e-03
9.650000000000000000e+02,2.220000000000000029e-01,-8.000000000000007105e-03
9.700000000000000000e+02,2.260000000000000064e-01,-8.999999999999980238e-03
9.750000000000000000e+02,2.290000000000000091e-01,-8.666666666666655860e-03
9.800000000000000000e+02,2.280000000000000082e-01,-8.999999999999952482e-03
9.850000000000000000e+02,2.240000000000000047e-01,-8.833333333333331927e-03
9.900000000000000000e+02,2.159999999999999976e-01,-8.166666666666710928e-03
9.950000000000000000e+02,2.119999999999999940e-01,-7.833333333333331039e-03
